0,0.3736716844180418
0.001,0.3737975223654098
0.002,0.3739235040820081
0.003,0.37404962985726353
0.004,0.3741758999814528
0.005,0.374302314745705
0.006,0.37442887444200595
0.007,0.37455557936320133
0.008,0.374682429802999
0.009,0.37480942605597417
0.01,0.37493656841757095
0.011,0.375063857184107
0.012,0.3751912926527766
0.013,0.3753188751216537
0.014,0.375446604889696
0.015,0.3755744822567481
0.016,0.3757025075235446
0.017,0.37583068099171457
0.018,0.3759590029637842
0.019,0.37608747374318086
0.02,0.37621609363423614
0.021,0.3763448629421896
0.022,0.37647378197319303
0.023,0.376602851034313
0.024,0.37673207043353557
0.025,0.3768614404797686
0.026,0.37699096148284683
0.027,0.3771206337535342
0.028,0.377250457603529
0.029,0.37738043334546656
0.03,0.3775105612929228
0.031,0.3776408417604193
0.032,0.37777127506342506
0.033,0.37790186151836236
0.034,0.3780326014426095
0.035,0.3781634951545044
0.036,0.378294542973349
0.037,0.3784257452194131
0.038,0.37855710221393785
0.039,0.37868861427913997
0.04,0.37882028173821564
0.041,0.37895210491534415
0.042,0.3790840841356926
0.043,0.3792162197254187
0.044,0.37934851201167596
0.045,0.37948096132261744
0.046,0.3796135679873986
0.047,0.3797463323361834
0.048,0.3798792547001466
0.049,0.380012335411479
0.05,0.3801455748033908
0.051,0.38027897321011617
0.052,0.3804125309669175
0.053,0.38054624841008944
0.054,0.38068012587696287
0.055,0.3808141637059093
0.056,0.3809483622363456
0.057,0.38108272180873703
0.058,0.3812172427646035
0.059,0.3813519254465216
0.06,0.38148677019813093
0.061,0.38162177736413694
0.062,0.3817569472903165
0.063,0.3818922803235214
0.064,0.38202777681168354
0.065,0.3821634371038187
0.066,0.38229926155003113
0.067,0.3824352505015189
0.068,0.3825714043105771
0.069,0.38270772333060354
0.07,0.38284420791610224
0.071,0.3829808584226892
0.072,0.38311767520709594
0.073,0.38325465862717456
0.074,0.38339180904190306
0.075,0.38352912681138873
0.076,0.38366661229687404
0.077,0.38380426586074035
0.078,0.3839420878665137
0.079,0.3840800786788688
0.08,0.3842182386636338
0.081,0.38435656818779657
0.082,0.384495067619507
0.083,0.38463373732808454
0.084,0.38477257768402096
0.085,0.38491158905898665
0.086,0.38505077182583536
0.087,0.38519012635860816
0.088,0.3853296530325403
0.089,0.38546935222406453
0.09,0.3856092243108171
0.091,0.3857492696716424
0.092,0.38588948868659834
0.093,0.38602988173696173
0.094,0.3861704492052327
0.095,0.38631119147514054
0.096,0.386452108931649
0.097,0.3865932019609608
0.098,0.38673447095052405
0.099,0.38687591628903606
0.1,0.3870175383664503
0.101,0.38715933757398074
0.102,0.38730131430410725
0.103,0.3874434689505817
0.104,0.3875858019084326
0.105,0.3877283135739715
0.106,0.38787100434479743
0.107,0.3880138746198038
0.108,0.38815692479918185
0.109,0.3883001552844288
0.11,0.38844356647835176
0.111,0.3885871587850737
0.112,0.38873093261004005
0.113,0.3888748883600227
0.114,0.38901902644312764
0.115,0.38916334726879903
0.116,0.3893078512478269
0.117,0.3894525387923509
0.118,0.389597410315868
0.119,0.3897424662332371
0.12,0.38988770696068586
0.121,0.390033132915816
0.122,0.39017874451761003
0.123,0.39032454218643625
0.124,0.3904705263440562
0.125,0.3906166974136294
0.126,0.390763055819721
0.127,0.3909096019883059
0.128,0.3910563363467767
0.129,0.39120325932394956
0.13,0.39135037135007006
0.131,0.3914976728568201
0.132,0.39164516427732277
0.133,0.39179284604615117
0.134,0.391940718599333
0.135,0.392088782374357
0.136,0.39223703781018104
0.137,0.39238548534723644
0.138,0.3925341254274362
0.139,0.3926829584941809
0.14,0.3928319849923657
0.141,0.39298120536838616
0.142,0.39313062007014626
0.143,0.39328022954706393
0.144,0.39343003425007844
0.145,0.3935800346316575
0.146,0.3937302311458033
0.147,0.39388062424805914
0.148,0.39403121439551897
0.149,0.3941820020468309
0.15,0.3943329876622061
0.151,0.3944841717034256
0.152,0.3946355546338469
0.153,0.39478713691841244
0.154,0.3949389190236548
0.155,0.3950909014177054
0.156,0.395243084570301
0.157,0.3953954689527917
0.158,0.39554805503814766
0.159,0.39570084330096617
0.16,0.39585383421748005
0.161,0.3960070282655644
0.162,0.3961604259247448
0.163,0.39631402767620355
0.164,0.39646783400278834
0.165,0.3966218453890198
0.166,0.396776062321099
0.167,0.3969304852869151
0.168,0.39708511477605246
0.169,0.3972399512798002
0.17,0.39739499529115857
0.171,0.39755024730484706
0.172,0.39770570781731257
0.173,0.39786137732673754
0.174,0.39801725633304774
0.175,0.3981733453379205
0.176,0.39832964484479266
0.177,0.39848615535886855
0.178,0.3986428773871289
0.179,0.3987998114383388
0.18,0.3989569580230555
0.181,0.39911431765363736
0.182,0.39927189084425185
0.183,0.3994296781108851
0.184,0.3995876799713485
0.185,0.3997458969452891
0.186,0.3999043295541969
0.187,0.40006297832141424
0.188,0.40022184377214465
0.189,0.4003809264334607
0.19,0.4005402268343138
0.191,0.4006997455055425
0.192,0.40085948297988166
0.193,0.4010194397919713
0.194,0.40117961647836553
0.195,0.40134001357754207
0.196,0.40150063162991073
0.197,0.40166147117782286
0.198,0.40182253276558144
0.199,0.40198381693944807
0.2,0.4021453242476555
0.201,0.40230705524041416
0.202,0.40246901046992356
0.203,0.4026311904903807
0.204,0.40279359585798996
0.205,0.40295622713097273
0.206,0.4031190848695777
0.207,0.4032821696360896
0.208,0.40344548199483976
0.209,0.403609022512215
0.21,0.40377279175666897
0.211,0.40393679029873125
0.212,0.40410101871101706
0.213,0.40426547756823844
0.214,0.4044301674472135
0.215,0.40459508892687684
0.216,0.40476024258829046
0.217,0.40492562901465295
0.218,0.40509124879131114
0.219,0.40525710250576913
0.22,0.4054231907477009
0.221,0.4055895141089589
0.222,0.4057560731835853
0.223,0.405922868567824
0.224,0.4060899008601291
0.225,0.4062571706611778
0.226,0.4064246785738806
0.227,0.406592425203392
0.228,0.4067604111571216
0.229,0.4069286370447466
0.23,0.40709710347822003
0.231,0.4072658110717858
0.232,0.4074347604419866
0.233,0.40760395220767776
0.234,0.4077733869900373
0.235,0.40794306541257813
0.236,0.4081129881011594
0.237,0.40828315568399887
0.238,0.4084535687916831
0.239,0.4086242280571817
0.24,0.40879513411585633
0.241,0.4089662876054756
0.242,0.40913768916622445
0.243,0.40930933944071907
0.244,0.4094812390740165
0.245,0.40965338871362894
0.246,0.4098257890095343
0.247,0.40999844061419066
0.248,0.4101713441825466
0.249,0.4103445003720564
0.25,0.4105179098426899
0.251,0.4106915732569476
0.252,0.4108654912798723
0.253,0.4110396645790622
0.254,0.41121409382468394
0.255,0.411388779689486
0.256,0.41156372284881165
0.257,0.4117389239806118
0.258,0.41191438376545964
0.259,0.41209010288656206
0.26,0.4122660820297749
0.261,0.4124423218836164
0.262,0.4126188231392794
0.263,0.4127955864906471
0.264,0.41297261263430535
0.265,0.41314990226955767
0.266,0.4133274560984384
0.267,0.4135052748257282
0.268,0.41368335915896637
0.269,0.41386170980846704
0.27,0.4140403274873318
0.271,0.41421921291146635
0.272,0.4143983667995928
0.273,0.41457778987326616
0.274,0.4147574828568883
0.275,0.4149374464777227
0.276,0.4151176814659101
0.277,0.4152981885544829
0.278,0.4154789684793809
0.279,0.4156600219794666
0.28,0.41584134979653925
0.281,0.41602295267535244
0.282,0.41620483136362846
0.283,0.41638698661207396
0.284,0.4165694191743959
0.285,0.4167521298073179
0.286,0.41693511927059557
0.287,0.41711838832703296
0.288,0.4173019377424986
0.289,0.4174857682859419
0.29,0.41766988072941036
0.291,0.41785427584806434
0.292,0.4180389544201957
0.293,0.4182239172272427
0.294,0.4184091650538085
0.295,0.4185946986876769
0.296,0.41878051891983065
0.297,0.4189666265444673
0.298,0.4191530223590177
0.299,0.41933970716416286
0.3,0.4195266817638514
0.301,0.4197139469653181
0.302,0.41990150357910044
0.303,0.4200893524190574
0.304,0.4202774943023874
0.305,0.4204659300496459
0.306,0.4206546604847652
0.307,0.420843686435071
0.308,0.4210330087313012
0.309,0.4212226282076264
0.31,0.42141254570166675
0.311,0.42160276205451136
0.312,0.4217932781107381
0.313,0.42198409471843196
0.314,0.4221752127292042
0.315,0.42236663299821336
0.316,0.4225583563841823
0.317,0.4227503837494211
0.318,0.4229427159598434
0.319,0.4231353538849893
0.32,0.42332829839804426
0.321,0.4235215503758591
0.322,0.4237151106989712
0.323,0.4239089802516243
0.324,0.4241031599217897
0.325,0.4242976506011875
0.326,0.42449245318530576
0.327,0.4246875685734246
0.328,0.4248829976686352
0.329,0.42507874137786106
0.33,0.4252748006118813
0.331,0.4254711762853513
0.332,0.42566786931682454
0.333,0.4258648806287756
0.334,0.4260622111476208
0.335,0.42625986180374215
0.336,0.4264578335315085
0.337,0.4266561272692994
0.338,0.4268547439595272
0.339,0.4270536845486603
0.34,0.4272529499872463
0.341,0.42745254122993526
0.342,0.4276524592355032
0.343,0.42785270496687633
0.344,0.4280532793911534
0.345,0.4282541834796317
0.346,0.42845541820782973
0.347,0.4286569845555124
0.348,0.42885888350671464
0.349,0.4290611160497672
0.35,0.4292636831773214
0.351,0.4294665858863731
0.352,0.4296698251782884
0.353,0.42987340205883096
0.354,0.4300773175381847
0.355,0.4302815726309808
0.356,0.4304861683563251
0.357,0.430691105737822
0.358,0.4308963858036022
0.359,0.4311020095863487
0.36,0.4313079781233242
0.361,0.43151429245639766
0.362,0.431720953632071
0.363,0.4319279627015075
0.364,0.43213532072055855
0.365,0.4323430287497916
0.366,0.43255108785451835
0.367,0.4327594991048226
0.368,0.43296826357558993
0.369,0.43317738234653336
0.37,0.43338685650222536
0.371,0.43359668713212524
0.372,0.43380687533060885
0.373,0.43401742219699724
0.374,0.43422832883558804
0.375,0.4344395963556838
0.376,0.4346512258716228
0.377,0.43486321850280923
0.378,0.4350755753737439
0.379,0.4352882976140549
0.38,0.4355013863585295
0.381,0.4357148427471439
0.382,0.4359286679250961
0.383,0.43614286304283684
0.384,0.4363574292561022
0.385,0.4365723677259462
0.386,0.4367876796187714
0.387,0.4370033661063644
0.388,0.43721942836592625
0.389,0.4374358675801079
0.39,0.43765268493704207
0.391,0.437869881630378
0.392,0.43808745885931527
0.393,0.43830541782863797
0.394,0.43852375974874885
0.395,0.4387424858357052
0.396,0.4389615973112527
0.397,0.43918109540286243
0.398,0.4394009813437649
0.399,0.43962125637298677
0.4,0.4398419217353869
0.401,0.4400629786816926
0.402,0.4402844284685376
0.403,0.44050627235849704
0.404,0.4407285116201273
0.405,0.4409511475280009
0.406,0.4411741813627473
0.407,0.4413976144110891
0.408,0.44162144796588104
0.409,0.4418456833261498
0.41,0.44207032179713235
0.411,0.44229536469031466
0.412,0.44252081332347387
0.413,0.44274666902071547
0.414,0.4429729331125171
0.415,0.44319960693576455
0.416,0.4434266918337983
0.417,0.44365418915645166
0.418,0.44388210026009245
0.419,0.4441104265076672
0.42,0.4443391692687412
0.421,0.44456832991954254
0.422,0.44479790984300516
0.423,0.44502791042881235
0.424,0.4452583330734399
0.425,0.4454891791802013
0.426,0.4457204501592911
0.427,0.44595214742783135
0.428,0.4461842724099155
0.429,0.44641682653665415
0.43,0.4466498112462222
0.431,0.4468832279839039
0.432,0.4471170782021412
0.433,0.4473513633605784
0.434,0.4475860849261121
0.435,0.44782124437293874
0.436,0.448056843182602
0.437,0.44829288284404206
0.438,0.44852936485364464
0.439,0.448766290715291
0.44,0.4490036619404073
0.441,0.4492414800480154
0.442,0.4494797465647838
0.443,0.44971846302507823
0.444,0.44995763097101416
0.445,0.45019725195250815
0.446,0.4504373275273307
0.447,0.45067785926116005
0.448,0.4509188487276338
0.449,0.45116029750840503
0.45,0.4514022071931946
0.451,0.4516445793798471
0.452,0.4518874156743862
0.453,0.45213071769106994
0.454,0.45237448705244704
0.455,0.4526187253894141
0.456,0.4528634343412721
0.457,0.4531086155557847
0.458,0.4533542706892361
0.459,0.4536004014064896
0.46,0.4538470093810472
0.461,0.4540940962951099
0.462,0.4543416638396355
0.463,0.45458971371440243
0.464,0.45483824762806957
0.465,0.45508726729823745
0.466,0.45533677445151177
0.467,0.45558677082356647
0.468,0.4558372581592051
0.469,0.45608823821242817
0.47,0.45633971274649476
0.471,0.45659168353398855
0.472,0.4568441523568854
0.473,0.4570971210066167
0.474,0.4573505912841381
0.475,0.4576045649999967
0.476,0.4578590439743987
0.477,0.45811403003727974
0.478,0.4583695250283711
0.479,0.45862553079727264
0.48,0.45888204920352194
0.481,0.45913908211666643
0.482,0.459396631416333
0.483,0.4596546989923039
0.484,0.459913286744587
0.485,0.46017239658349085
0.486,0.4604320304296995
0.487,0.46069219021434693
0.488,0.4609528778790926
0.489,0.46121409537619906
0.49,0.46147584466860875
0.491,0.4617381277300213
0.492,0.4620009465449735
0.493,0.4622643031089174
0.494,0.46252819942830065
0.495,0.46279263752064853
0.496,0.4630576194146437
0.497,0.46332314715021045
0.498,0.46358922277859627
0.499,0.46385584836245614
0.5,0.4641230259759387
0.501,0.46439075770476884
0.502,0.4646590456463371
0.503,0.464927891909784
0.504,0.4651972986160896
0.505,0.46546726789816206
0.506,0.4657378019009268
0.507,0.46600890278141704
0.508,0.4662805727088646
0.509,0.4665528138647934
0.51,0.46682562844311054
0.511,0.46709901865020176
0.512,0.46737298670502586
0.513,0.46764753483920934
0.514,0.46792266529714477
0.515,0.46819838033608685
0.516,0.4684746822262513
0.517,0.4687515732509149
0.518,0.46902905570651526
0.519,0.46930713190275186
0.52,0.46958580416268947
0.521,0.46986507482286
0.522,0.47014494623336817
0.523,0.47042542075799665
0.524,0.4707065007743111
0.525,0.4709881886737699
0.526,0.4712704868618302
0.527,0.4715533977580594
0.528,0.4718369237962444
0.529,0.4721210674245043
0.53,0.4724058311054026
0.531,0.4726912173160616
0.532,0.472977228548277
0.533,0.47326386730863435
0.534,0.47355113611862654
0.535,0.473839037514772
0.536,0.47412757404873535
0.537,0.47441674828744657
0.538,0.47470656281322476
0.539,0.47499702022390133
0.54,0.4752881231329442
0.541,0.4755798741695834
0.542,0.47587227597893894
0.543,0.476165331222149
0.544,0.4764590425764997
0.545,0.4767534127355563
0.546,0.47704844440929495
0.547,0.4773441403242375
0.548,0.47764050322358703
0.549,0.4779375358673628
0.55,0.4782352410325392
0.551,0.4785336215131849
0.552,0.4788326801206039
0.553,0.4791324196834782
0.554,0.4794328430480106
0.555,0.47973395307807093
0.556,0.48003575265534226
0.557,0.48033824467947
0.558,0.48064143206821086
0.559,0.4809453177575848
0.56,0.48124990470202855
0.561,0.48155519587454904
0.562,0.4818611942668818
0.563,0.4821679028896466
0.564,0.482475324772509
0.565,0.4827834629643409
0.566,0.48309232053338363
0.567,0.4834019005674133
0.568,0.4837122061739064
0.569,0.48402324048021017
0.57,0.4843350066337107
0.571,0.4846475078020058
0.572,0.48496074717308
0.573,0.4852747279554788
0.574,0.48558945337848747
0.575,0.48590492669230995
0.576,0.4862211511682514
0.577,0.4865381300989015
0.578,0.4868558667983195
0.579,0.48717436460222274
0.58,0.4874936268681769
0.581,0.487813656975786
0.582,0.4881344583268882
0.583,0.4884560343457512
0.584,0.4887783884792708
0.585,0.4891015241971714
0.586,0.48942544499220936
0.587,0.48975015438037633
0.588,0.4900756559011095
0.589,0.4904019531174983
0.59,0.49072904961649894
0.591,0.4910569490091475
0.592,0.4913856549307775
0.593,0.4917151710412392
0.594,0.4920455010251211
0.595,0.49237664859197505
0.596,0.4927086174765432
0.597,0.49304141143898733
0.598,0.4933750342651209
0.599,0.4937094897666446
0.6,0.49404478178138406
0.601,0.4943809141735296
0.602,0.4947178908338807
0.603,0.4950557156800902
0.604,0.49539439265691554
0.605,0.49573392573646863
0.606,0.4960743189184719
0.607,0.4964155762305162
0.608,0.4967577017283203
0.609,0.49710069949599667
0.61,0.4974445736463174
0.611,0.49778932832098477
0.612,0.4981349676909051
0.613,0.49848149595646507
0.614,0.49882891734781176
0.615,0.49917723612513704
0.616,0.499526456578963
0.617,0.4998765830304331
0.618,0.5002276198316066
0.619,0.5005795713657549
0.62,0.500932442047663
0.621,0.5012862363239342
0.622,0.5016409586732989
0.623,0.5019966136069263
0.624,0.5023532056687408
0.625,0.5027107394357418
0.626,0.5030692195183275
0.627,0.5034286505606234
0.628,0.503789037240814
0.629,0.5041503842714785
0.63,0.5045126963999316
0.631,0.504875978408568
0.632,0.5052402351152125
0.633,0.50560547137347
0.634,0.5059716920730879
0.635,0.5063389021403144
0.636,0.5067071065382679
0.637,0.507076310267308
0.638,0.5074465183654104
0.639,0.5078177359085511
0.64,0.5081899680110893
0.641,0.5085632198261598
0.642,0.5089374965460703
0.643,0.5093128034026998
0.644,0.5096891456679075
0.645,0.5100665286539429
0.646,0.5104449577138639
0.647,0.5108244382419589
0.648,0.5112049756741744
0.649,0.5115865754885496
0.65,0.5119692432056551
0.651,0.5123529843890382
0.652,0.5127378046456745
0.653,0.5131237096264246
0.654,0.5135107050264973
0.655,0.5138987965859192
0.656,0.5142879900900102
0.657,0.5146782913698663
0.658,0.5150697063028475
0.659,0.5154622408130732
0.66,0.5158559008719241
0.661,0.516250692498552
0.662,0.5166466217603934
0.663,0.5170436947736952
0.664,0.5174419177040416
0.665,0.5178412967668938
0.666,0.5182418382281339
0.667,0.5186435484046168
0.668,0.5190464336647305
0.669,0.5194505004289638
0.67,0.5198557551704812
0.671,0.5202622044157088
0.672,0.520669854744924
0.673,0.5210787127928559
0.674,0.5214887852492966
0.675,0.5219000788597155
0.676,0.5223126004258869
0.677,0.5227263568065253
0.678,0.5231413549179296
0.679,0.5235576017346366
0.68,0.5239751042900831
0.681,0.5243938696772799
0.682,0.5248139050494923
0.683,0.5252352176209343
0.684,0.5256578146674681
0.685,0.52608170352732
0.686,0.5265068916018006
0.687,0.5269333863560394
0.688,0.5273611953197308
0.689,0.5277903260878853
0.69,0.5282207863216015
0.691,0.5286525837488408
0.692,0.5290857261652192
0.693,0.5295202214348066
0.694,0.5299560774909436
0.695,0.5303933023370639
0.696,0.5308319040475361
0.697,0.5312718907685132
0.698,0.5317132707187974
0.699,0.5321560521907169
0.7,0.5326002435510181
0.701,0.5330458532417693
0.702,0.5334928897812794
0.703,0.5339413617650313
0.704,0.5343912778666285
0.705,0.5348426468387587
0.706,0.5352954775141688
0.707,0.5357497788066604
0.708,0.5362055597120946
0.709,0.5366628293094201
0.71,0.53712159676171
0.711,0.5375818713172207
0.712,0.5380436623104665
0.713,0.5385069791633089
0.714,0.5389718313860661
0.715,0.5394382285786405
0.716,0.5399061804316618
0.717,0.5403756967276518
0.718,0.5408467873422061
0.719,0.5413194622451968
0.72,0.541793731501992
0.721,0.5422696052747003
0.722,0.5427470938234311
0.723,0.543226207507578
0.724,0.5437069567871234
0.725,0.5441893522239662
0.726,0.5446734044832678
0.727,0.5451591243348263
0.728,0.5456465226544683
0.729,0.5461356104254695
0.73,0.5466263987399957
0.731,0.5471188988005702
0.732,0.5476131219215653
0.733,0.5481090795307213
0.734,0.5486067831706896
0.735,0.5491062445006037
0.736,0.5496074752976778
0.737,0.550110487458833
0.738,0.5506152930023503
0.739,0.551121904069558
0.74,0.5516303329265408
0.741,0.5521405919658873
0.742,0.552652693708462
0.743,0.5531666508052151
0.744,0.5536824760390192
0.745,0.5542001823265424
0.746,0.5547197827201552
0.747,0.5552412904098695
0.748,0.5557647187253169
0.749,0.556290081137758
0.75,0.556817391262135
0.751,0.5573466628591566
0.752,0.5578779098374238
0.753,0.5584111462555952
0.754,0.5589463863245936
0.755,0.5594836444098509
0.756,0.5600229350335993
0.757,0.5605642728772026
0.758,0.5611076727835326
0.759,0.5616531497593923
0.76,0.5622007189779825
0.761,0.5627503957814189
0.762,0.5633021956832953
0.763,0.5638561343712971
0.764,0.5644122277098675
0.765,0.5649704917429225
0.766,0.5655309426966205
0.767,0.5660935969821894
0.768,0.5666584711988033
0.769,0.5672255821365224
0.77,0.5677949467792881
0.771,0.568366582307979
0.772,0.5689405061035292
0.773,0.5695167357501073
0.774,0.5700952890383632
0.775,0.5706761839687372
0.776,0.5712594387548412
0.777,0.5718450718269056
0.778,0.5724331018352982
0.779,0.5730235476541193
0.78,0.5736164283848673
0.781,0.574211763360181
0.782,0.5748095721476676
0.783,0.5754098745538019
0.784,0.5760126906279152
0.785,0.5766180406662647
0.786,0.5772259452161944
0.787,0.577836425080381
0.788,0.5784495013211752
0.789,0.5790651952650347
0.79,0.5796835285070563
0.791,0.580304522915604
0.792,0.5809282006370428
0.793,0.5815545841005746
0.794,0.5821836960231825
0.795,0.5828155594146851
0.796,0.5834501975829054
0.797,0.5840876341389544
0.798,0.584727893002636
0.799,0.5853709984079754
0.8,0.5860169749088706
0.801,0.5866658473848787
0.802,0.5873176410471338
0.803,0.5879723814443993
0.804,0.5886300944692674
0.805,0.5892908063644997
0.806,0.5899545437295189
0.807,0.5906213335270538
0.808,0.5912912030899434
0.809,0.5919641801281038
0.81,0.5926402927356604
0.811,0.5933195693982587
0.812,0.5940020390005443
0.813,0.5946877308338344
0.814,0.5953766746039715
0.815,0.5960689004393753
0.816,0.5967644388992914
0.817,0.597463320982249
0.818,0.5981655781347279
0.819,0.5988712422600492
0.82,0.5995803457274842
0.821,0.6002929213816043
0.822,0.6010090025518634
0.823,0.6017286230624341
0.824,0.6024518172422937
0.825,0.603178619935576
0.826,0.603909066512197
0.827,0.6046431928787563
0.828,0.6053810354897312
0.829,0.6061226313589687
0.83,0.6068680180714882
0.831,0.6076172337955971
0.832,0.6083703172953439
0.833,0.6091273079433057
0.834,0.6098882457337281
0.835,0.6106531712960303
0.836,0.6114221259086862
0.837,0.61219515151349
0.838,0.612972290730229
0.839,0.6137535868717681
0.84,0.6145390839595672
0.841,0.6153288267396408
0.842,0.6161228606989799
0.843,0.6169212320824512
0.844,0.6177239879101892
0.845,0.6185311759955003
0.846,0.6193428449632968
0.847,0.6201590442690806
0.848,0.6209798242184936
0.849,0.6218052359874623
0.85,0.6226353316429502
0.851,0.6234701641643474
0.852,0.6243097874655172
0.853,0.6251542564175263
0.854,0.6260036268720838
0.855,0.6268579556857167
0.856,0.6277173007447093
0.857,0.6285817209908368
0.858,0.6294512764479233
0.859,0.630326028249259
0.86,0.6312060386659061
0.861,0.6320913711359327
0.862,0.6329820902946102
0.863,0.6338782620056143
0.864,0.6347799533932683
0.865,0.6356872328758728
0.866,0.6366001702001672
0.867,0.6375188364769704
0.868,0.6384433042180447
0.869,0.6393736473742446
0.87,0.6403099413749954
0.871,0.6412522631691635
0.872,0.6422006912673792
0.873,0.6431553057858707
0.874,0.6441161884918807
0.875,0.6450834228507324
0.876,0.6460570940746193
0.877,0.6470372891731963
0.878,0.6480240970060531
0.879,0.6490176083371562
0.88,0.6500179158913513
0.881,0.6510251144130177
0.882,0.6520393007269808
0.883,0.6530605738017855
0.884,0.6540890348154436
0.885,0.6551247872237731
0.886,0.6561679368314584
0.887,0.6572185918659599
0.888,0.6582768630544134
0.889,0.659342863703674
0.89,0.6604167097836531
0.891,0.6614985200141216
0.892,0.6625884159551543
0.893,0.6636865221014014
0.894,0.6647929659803892
0.895,0.6659078782550589
0.896,0.667031392830769
0.897,0.6681636469669987
0.898,0.6693047813940097
0.899,0.670454940434732
0.9,0.6716142721321632
0.901,0.6727829283825909
0.902,0.67396106507496
0.903,0.6751488422367372
0.904,0.6763464241866425
0.905,0.6775539796946478
0.906,0.6787716821496681
0.907,0.6799997097353944
0.908,0.681238245614764
0.909,0.6824874781235819
0.91,0.6837476009738572
0.911,0.6850188134674513
0.912,0.6863013207206845
0.913,0.687595333900589
0.914,0.6889010704735575
0.915,0.6902187544671825
0.916,0.6915486167461528
0.917,0.6928908953031343
0.918,0.6942458355656392
0.919,0.6956136907199661
0.92,0.6969947220533813
0.921,0.6983891993158104
0.922,0.6997974011024062
0.923,0.7012196152584858
0.924,0.7026561393084457
0.925,0.7041072809104095
0.926,0.7055733583385111
0.927,0.7070547009948894
0.928,0.7085516499536542
0.929,0.710064558539286
0.93,0.711593792942166
0.931,0.7131397328741802
0.932,0.7147027722676201
0.933,0.7162833200209175
0.934,0.7178818007950921
0.935,0.7194986558651786
0.936,0.7211343440313277
0.937,0.7227893425947581
0.938,0.7244641484042729
0.939,0.7261592789796562
0.94,0.7278752737189503
0.941,0.7296126951973694
0.942,0.7313721305664715
0.943,0.7331541930631861
0.944,0.7349595236393904
0.945,0.7367887927239899
0.946,0.738642702130866
0.947,0.7405219871276949
0.948,0.7424274186824781
0.949,0.7443598059067587
0.95,0.7463199987169308
0.951,0.7483088907378528
0.952,0.7503274224762204
0.953,0.7523765847948943
0.954,0.7544574227237325
0.955,0.7565710396475462
0.956,0.7587186019177041
0.957,0.7609013439408544
0.958,0.7631205738063759
0.959,0.7653776795237955
0.96,0.7676741359527984
0.961,0.7700115125220072
0.962,0.7723914818488851
0.963,0.7748158293925108
0.964,0.7772864642943397
0.965,0.7798054315903437
0.966,0.7823749260123183
0.967,0.7849973076381965
0.968,0.7876751197029205
0.969,0.7904111089453718
0.97,0.7932082489464524
0.971,0.7960697670130994
0.972,0.7989991752887987
0.973,0.802000306931002
0.974,0.80507735840065
0.975,0.8082349391735797
0.976,0.8114781305286002
0.977,0.8148125555212556
0.978,0.8182444628567547
0.979,0.821780828189064
0.98,0.8254294774817202
0.981,0.8291992385968786
0.982,0.8331001294247479
0.983,0.8371435939213828
0.984,0.841342801852699
0.985,0.8457130345917369
0.986,0.8502721892122301
0.987,0.8550414484455373
0.988,0.8600461884622952
0.989,0.8653172365148519
0.99,0.8708926587357829
0.991,0.8768203796471489
0.992,0.8831621612898612
0.993,0.8899999182595935
0.994,0.8974462999689427
0.995,0.9056636997243566
0.996,0.9149017035649818
0.997,0.9255810790286787
0.998,0.9385235713100611
0.999,0.9558544196291536