[x]=my_newton(5.0)
 itn        x            f(x)   
 ---    -----------    ------------ 
   0    5.00000e+000    -7.37066e+002      
   1    4.17135e+000    -2.66144e+002 
   2    3.37479e+000    -9.52309e+001 
   3    2.62390e+000    -3.35583e+001 
   4    1.93864e+000    -1.15336e+001 
   5    1.34479e+000    -3.81567e+000 
   6    8.67701e-001    -1.19867e+000 
   7    5.20039e-001    -3.54715e-001 
   8    2.92197e-001    -9.91621e-002 
   9    1.56494e-001    -2.65106e-002 
  10    8.12667e-002    -6.88005e-003 
  11    4.14532e-002    -1.75448e-003 
  12    2.09406e-002    -4.43134e-004 
  13    1.05250e-002    -1.11361e-004 
  14    5.27635e-003    -2.79135e-005 
  15    2.64166e-003    -6.98757e-006 
  16    1.32170e-003    -1.74805e-006 
  17    6.61068e-004    -4.37156e-007 
  18    3.30589e-004    -1.09307e-007 
  19    1.65308e-004    -2.73290e-008 
  20    8.26574e-005    -6.83253e-009 
  21    4.13296e-005    -1.70817e-009 
  22    2.06650e-005    -4.27047e-010 
  23    1.03326e-005    -1.06762e-010 
  24    5.16629e-006    -2.66906e-011 
  25    2.58315e-006    -6.67266e-012 
  26    1.29157e-006    -1.66817e-012 
  27    6.45788e-007    -4.17042e-013 
  28    3.22894e-007    -1.04260e-013 
  29    1.61447e-007    -2.60651e-014 
  30    8.07235e-008    -6.51628e-015 
  31    4.03617e-008    -1.62907e-015 
  32    2.01809e-008    -4.07268e-016 
Root = 2.018086969e-008 found in 32 iterations.
x =
  2.0181e-008
diary off
