-0.09580978 0.06216742 -0.07684248
0.7964042 0.08455216 1.43648
1.166061 0.8462377 -0.7705332
-0.6826814 0.4905094 -0.1262118
0.9646275 0.9463574 1.135419
0.08437982 0.05538653 1.669768
0.1588248 -0.1666547 -0.01917398
0.5212604 -0.2369206 0.3760387
0.7719156 0.3151349 0.2827063
-0.5689049 1.862053 0.1394982
0.7514121 1.343127 1.118525
0.166254 0.3188606 1.263766
-0.37034 0.05399543 -0.06395066
1.138858 -0.3129028 1.137172
1.179093 0.1906478 0.2192981
0.3726512 0.4574334 0.2004271
1.513459 1.33096 0.6407813
0.3367345 0.3473609 1.178084
0.1021901 0.03444945 -0.1845407
1.127793 -0.3201402 1.306068
0.8566631 1.712941 0.5043975
-0.1321011 1.315979 -0.6265854
0.987758 0.304397 0.9559112
0.1204321 -0.3077499 1.658626
-0.3544475 0.4325421 0.5503777
0.8321706 -0.1246038 1.04981
1.143081 1.308174 -0.01070914
-0.550211 1.186771 0.336011
0.9681827 -0.01567421 1.267765
-0.09930737 0.1258358 0.2463988
-0.2929031 0.4893133 -0.2775293
1.301701 -0.2147997 0.5979129
0.9907479 0.6114119 -0.07705836
0.7557073 1.138336 0.2167547
0.7644698 0.1916278 1.357446
0.03128449 -0.2191514 1.97704
-0.2753069 0.3167263 -0.1691907
1.2462 -0.0437848 0.9474337
0.792649 1.675785 0.4282663
-0.5550124 1.40657 -0.191768
1.413741 1.266137 0.9270832
0.1068373 0.2232003 0.7353428
-0.2338675 -0.2115534 -0.2897308
1.543986 0.1706419 0.9995417
0.6954594 1.113324 -0.2702325
-0.1609482 0.467217 0.2923881
0.7471834 1.235295 0.6304226
0.1872343 -0.1494515 1.021266
0.5112443 0.3309101 -0.4352284
1.075658 -0.09574887 1.260602
1.384059 0.5385265 0.4210139
0.1145613 0.8235081 -0.1975013
1.374301 1.008144 0.3979504
0.1692327 -0.07099965 0.8375975
0.6551405 0.5481986 -0.1729872
1.456282 0.3906395 1.843496
1.22849 1.151459 -0.01012958
0.0221331 1.264403 -0.1937954
1.149939 0.7073788 1.170277
0.2089195 0.2862298 0.681008
-0.1196039 -0.1366374 0.1691734
1.95303 -0.03381672 1.607496
1.400661 1.454825 0.3746539
-0.2113403 1.451429 -0.06154609
1.222794 1.099421 0.9367665
-0.4427917 -0.1407957 1.232025
-0.1777114 0.01781911 0.4950055
0.4239328 -0.4187895 1.029246
1.00154 1.235595 -0.01550064
0.1551907 0.661549 -0.1631719
1.795843 0.4835499 1.132736
0.6730982 0.5315199 0.4877512
-0.2335544 -0.7264903 -0.1525007
0.5269764 0.2020026 0.3052265
0.7298501 1.230644 0.09999138
-0.2775891 1.151121 0.1080772
0.9553161 1.305431 0.8996557
-0.1803092 0.2439341 0.6343311
0.3914719 0.07499273 -0.05368899
1.254182 -0.1634607 0.3613111
0.8224976 1.147605 0.4647875
-0.1673132 0.7142558 0.4360421
1.343345 1.355302 1.539376
-0.2925587 0.3456982 0.8864218
0.2300018 0.3232954 -0.3457929
0.9983708 0.01140065 1.186041
1.215736 0.9697362 0.663095
-0.4589439 0.8469923 0.285544
1.016243 0.6425533 1.103124
0.2976118 -0.03862874 0.8168183
0.620047 0.2240652 -0.226626
1.18443 0.6528427 1.208084
0.78034 0.5730734 0.2086166
-0.05241053 1.265607 0.03354377
1.347387 1.141646 0.6261381
0.2513475 -0.2378204 1.301867
-0.4657923 -0.5715374 0.2440851
0.8664497 0.1833284 0.7638379
0.5993984 1.004484 -0.108955
0.03896364 1.025569 0.4124988
1.316906 0.7169482 0.8489012
-0.1992397 0.04756894 1.178215
-0.3407853 0.09460822 -0.09887075
1.289513 0.3562119 0.8678939
1.408438 0.614882 0.03130607
0.177608 1.091966 0.1193318
1.204818 0.8132228 0.9642867
-0.2711436 -0.2613659 1.570575
0.0739406 -0.5034696 0.05430408
1.398433 -0.1713472 0.4115323
1.190354 1.584517 -0.1404424
0.007776393 0.4743185 -0.5569493
1.343992 1.444721 1.515238
-0.1982035 0.1493873 1.020041
-0.4516849 -0.1123606 -0.742252
1.40333 -0.1667816 0.8907595
1.332976 1.134397 0.07257887
-0.03609493 0.3581208 0.1273532
0.6417765 0.8581624 1.064567
0.06821122 0.005390632 1.522476
-0.168429 -0.5749727 -0.2946425
0.8489897 0.4248976 1.165468
1.001639 1.288463 -0.5400111
0.3775363 0.9254476 0.4784917
0.6399658 1.28818 0.9720508
0.3572642 -0.1453184 0.6894944
0.08142807 -1.057453 0.09539644
0.9112688 -0.01870562 0.6368786
1.375803 1.204442 0.08895397
-0.0367333 0.8929835 -0.1964315
1.10659 0.6392033 0.4406291
0.27236 -0.1052541 1.180634
-0.3849971 0.06112688 0.3153484
1.575981 -0.3891768 1.221719
1.273718 0.5006522 -0.272246
0.3167597 0.8468365 0.4385624
1.042994 1.388857 1.518755
-0.1914978 0.04815506 0.8783843
-0.2153859 -0.1699337 -0.2042845
1.443569 -0.738434 1.501384
1.314884 1.117382 0.1884403
-0.2238234 0.6691253 -0.03994254
0.5407576 1.095978 1.038812
-0.3259609 -0.1995089 1.19015
0.5186066 -0.2858319 -0.1002451
0.1778574 0.2982827 1.59245
0.8191261 0.8200337 -0.2837925
-1.000228 1.377618 -0.04301714
0.8138799 1.113531 1.067203
-0.2751921 0.1837671 1.122771
0.09126788 0.3980314 0.243392
1.476437 -0.5899005 0.6095346
0.800692 0.6318686 -0.4524689
0.6849468 1.33911 -0.5269396
1.214799 1.555806 1.385718
0.1530421 -0.1827761 0.5425693
-0.3309934 -0.0995929 -0.3115014
1.216918 -0.192259 1.098441
1.417502 1.31387 0.5968623
0.3147559 1.106003 -0.4425569
1.179564 1.161046 1.025874
-0.2610943 -0.2583395 0.4648264
-0.1417014 0.05108398 0.02692996
1.406944 0.1772489 0.5666317
1.281287 0.234645 -0.3552823
0.01748838 0.8222694 -0.4683238
0.7657834 0.781281 1.685436
-0.04417989 -0.0509879 0.7670751
0.1885065 0.2956552 -0.05915109
0.9504385 0.06295656 0.5175351
1.375914 0.9337175 -0.3599326
-0.2872559 0.5974983 0.4248884
1.431629 0.7227351 0.5253132
-0.1741713 -0.5902068 1.098846
0.0759027 0.07490706 0.2012851
0.7330431 0.3153492 1.068857
1.715317 1.52867 -0.1472795
0.1792521 0.6834242 -0.3014121
1.549946 1.003891 0.7041936
-0.4800557 0.1862275 1.577478
-0.5637797 0.5010253 -0.2435762
0.9573199 -0.1384194 1.002611
1.028398 1.191805 -0.1213661
0.2114109 1.130565 0.333602
1.37361 0.890685 1.045972
-0.02604977 0.4709792 0.9629808
0.2210611 0.7048257 0.18347
1.178843 -0.2683834 0.6839343
1.162414 0.8012584 -0.1419339
0.2874903 0.9235921 0.3361342
1.561023 0.8459344 1.081981
0.1123301 -0.1074165 1.263874
-0.1859195 0.3885803 0.1674337
0.4495746 -0.4330765 1.282387
0.7102944 1.568871 0.3477446
-0.653311 0.5426148 -0.2269873
1.538128 0.6216499 0.9537427
-0.02618048 -0.05081662 0.7718246
-0.3013115 0.001210265 0.4368884
1.074228 -0.3387799 0.1763153
0.6429488 1.267945 -0.2511727
0.1246456 1.293623 0.0480564
1.04138 0.7063246 0.5352061
0.009494381 0.3373208 1.256902
-0.3255374 0.4031327 -0.283511
0.9077964 -0.1739982 0.3864693
1.028023 1.173274 -0.2774048
-0.5860493 0.2979812 0.4752028
1.421732 0.807575 1.696369
0.6727918 -0.3863997 0.883027
0.8031773 0.1372978 -0.155902
0.4204245 -0.2735321 1.558405
0.714 1.399056 -0.3352153
0.05380453 1.36751 0.6782783
0.6115662 1.02322 0.9542004
-0.6010902 -0.3083862 1.29255
0.3564652 0.04164188 -0.3276507
1.057173 -0.2890765 1.718763
1.651803 1.451536 -0.1639278
0.2879056 0.9968797 -0.4190938
0.4726894 1.078662 0.8824865
-0.6691933 0.615078 0.9258553
-0.1841102 0.1429674 0.0602511
0.5744438 -0.2790157 0.2876149
1.148113 0.979579 0.1344393
-0.105711 1.600709 0.2470058
0.9885658 1.048302 1.156158
0.02485964 -0.1554945 0.806618
-0.3717604 0.3746258 -0.2512993
0.7322317 -0.03816138 0.6382742
0.9089676 1.197 -0.4567441
-0.09182759 0.7533239 0.2797576
0.9674782 1.116518 1.046046
0.4296664 -0.2006393 0.9251768
0.2736644 -0.6526796 0.1648108
1.041668 0.5529088 1.559453
1.123871 1.145807 0.09534795
-0.7269812 0.8597083 0.1133517
1.02162 0.8031852 1.63963
0.3708048 -0.317623 2.062541
-0.1236775 0.4149298 0.07319434
0.9769559 -0.4885806 1.382431
0.1045361 1.243584 -0.3016482
-0.6149062 0.9224783 0.1368035
0.6972878 1.48135 0.7722194
0.6826649 -0.01284517 1.350792
-0.1101412 -0.479683 0.1638776
1.202 -0.1794057 0.5354966
-0.002493531 1.339517 0.4449407
-0.1157329 1.084772 0.0595209
1.072132 0.5276171 1.868258
0.07035984 -0.5062433 1.130295
0.1713381 0.08038694 -0.09498132
1.593383 0.001475832 1.251595
1.117954 1.380275 -0.48815
-0.2311265 1.120787 -0.3142361
0.5787574 1.258225 0.3943903
-0.1052974 -0.9854818 1.189744
-0.2764088 0.06820484 -0.05418341
0.4552114 0.1508029 1.186994
0.6991835 0.8335337 0.5829851
-0.6497135 0.6393062 0.07389702
0.6331192 0.719892 0.8512051
0.3866241 0.5509086 1.04232
-0.1343379 0.3899425 0.2600611
0.8692641 -0.509863 1.02596
1.023488 0.8868362 -0.613594
0.1165561 1.355241 -0.1901974
0.6423562 0.8344802 0.8006271
0.1170612 0.1152626 1.005865
-0.2764943 0.228915 0.9016216
0.9382994 0.2313581 1.41548
0.1704621 1.264303 0.08785268
-0.4595944 1.490038 0.7260719
0.3236819 1.236177 0.6621045
0.07223599 0.03050629 0.521112
0.3432288 0.04168504 -0.4365101
0.8462221 0.5102125 0.9260307
0.8483698 0.8161318 -0.1908514
-0.3658484 0.7977969 -0.2110707
0.3816384 1.287019 0.763166
0.1511805 -0.1192246 1.083981
-0.0732782 0.5874785 -0.380567
0.767627 0.07841307 0.8178191
1.143149 1.377584 -0.2933584
-0.6479243 0.7871795 -0.7963745
0.3939189 0.2561943 0.5299905
0.2607113 0.2695054 0.7932192
0.3293186 -0.3363983 0.0393004
0.5888802 0.5697604 0.6995709
1.771139 1.107183 0.7774985
-0.1879453 0.6113378 0.695791
1.148098 0.7050751 0.8453664
0.1749904 0.06788988 0.485377
0.02523442 -0.03886814 -0.09122766
0.8170888 0.327132 0.6582469
1.013949 1.185453 -0.2440124
-0.5759775 0.8824619 -0.04959802
0.7663657 0.7575022 0.7890372
0.06901411 -0.2975849 1.135157
0.1486652 -0.9219229 0.4481923
1.696717 0.1229828 0.6600117
1.590652 1.594449 -0.2192467
-0.4330323 0.8503698 -0.2545113
1.180648 0.7334166 1.536666
0.2165039 0.0210477 1.466562
0.2028173 -0.4246396 0.4191478
1.50036 -0.5643071 1.024653
1.125068 0.4516112 -0.1942278
0.04418167 0.788727 0.521217
0.6748058 0.4787536 1.49206
-0.4472551 -0.1511406 1.112344
0.1360794 -0.2042407 -0.05071297
1.381546 -0.3167502 1.244695
1.015358 1.273778 0.4372681
-0.1064445 1.250583 0.217397
0.8660155 1.345577 1.706664
0.1962374 -0.09914019 1.605417
-0.08470557 -0.2068956 -0.5890357
0.5821268 0.0556195 0.8005081
1.118883 1.035903 0.428631
0.2933674 0.5894906 0.2555552
0.6769904 0.7077356 0.8195062
-0.4348129 0.7092754 1.248953
0.006604009 0.1662804 -0.327764
1.462388 0.05527937 0.8466506
0.9665639 0.9668363 0.1915216
0.2103846 0.9409876 0.1652022
0.7409421 0.9504903 0.4306535
0.1301519 0.3204493 0.4690196
0.008572962 -0.001946001 -0.1029722
1.361049 0.05684465 0.9948208
1.586095 1.157248 -0.009150905
-0.01834581 0.5278631 0.1855291
1.234424 1.128194 1.400827
0.3220327 0.226341 0.8597799
-0.3336048 -0.05545286 0.7886387
1.178269 0.1382897 0.7625932
1.10093 0.8680529 0.2805857
-0.2135847 1.317109 0.1468302
1.25409 1.133577 1.272688
-0.5338492 -0.4120098 0.8332208
0.031416 0.6001502 -0.256577
1.013468 0.8558036 1.512576
1.561153 1.10494 -0.3534152
0.4767797 1.161892 -0.4748052
1.426516 0.7532959 0.7107334
0.2252819 0.01089109 1.182638
0.4184061 -0.6192125 0.3860223
0.9003786 -0.4127841 0.9677367
0.7383697 1.226407 -0.4180325
-0.1942913 0.8149609 -0.0865005
0.8425193 0.7988417 0.4539675
0.6822356 -0.1915773 0.6044971
-0.4424561 0.5950333 -0.2830888
1.441914 -0.3003843 0.3462595
1.46795 0.9460412 -0.2864705
0.4136785 0.9019948 0.411022
0.610262 1.464623 0.7238067
-0.05351346 -0.09051654 0.9860891
-0.7086315 0.09434095 -0.03351115
0.7385066 0.6389604 1.05784
1.107586 1.312894 0.8568464
-0.9295638 1.320748 0.4096677
1.002197 0.9456256 1.60901
-0.3877601 -0.1523958 1.3132
-0.1091003 -0.1786363 -0.1968009
0.6806954 -0.1926728 0.9764405
1.075465 0.8060989 0.6429323
-0.01579644 1.442727 0.01305689
0.5592537 1.077423 0.761988
0.2141055 0.4452623 0.4831425
-0.4709393 0.9148313 -0.4705925
1.25369 -0.5275177 1.315328
1.570542 1.101972 0.1191105
0.08770922 0.6977254 -0.3873419
0.4874904 0.3011447 0.5605812
0.3953613 -0.04692175 1.046343
-0.2634096 0.04240022 -0.007484747
1.434369 -0.4670024 1.490989
1.473024 0.6022968 0.71553
-0.2906492 1.118733 -0.1152053
0.6457078 1.526635 0.9711159
-0.2977921 -0.7602872 1.200597
-0.3514664 -0.5291128 0.4720623
1.65558 -0.104682 1.033586
0.5918902 0.6245681 0.1185422
-0.1998912 1.55574 -0.1752861
1.339942 0.5285676 0.6952087
0.1408966 0.4056921 0.7966705
-0.2809138 0.1896745 0.8608323
0.9235417 -0.192347 0.77345
0.2374263 1.109214 -0.2946063
0.09764271 1.000304 -0.3991691
0.6058005 1.307439 1.077517
0.3427351 0.2704398 1.813463
-0.1526139 0.3611269 0.2295781
0.9095197 0.1113814 1.243827
0.554297 1.608854 -0.5094333
-0.07723821 1.287104 0.0436107
0.8951842 0.5523326 0.8677447
-0.5509297 0.6476753 0.6816893
0.625572 0.5588904 0.4489389
1.057566 0.1526898 1.291338
0.9180914 0.6355988 -0.3422421
0.4439324 0.8114414 0.5654839
1.036336 0.5933765 0.5010461
0.4204233 -0.5686513 0.9987412
0.2886499 -0.184766 0.0871584
0.5295452 -0.1041978 0.6709695
0.9633566 1.262381 -0.4873504
-0.209486 0.3264156 0.2479761
1.004375 1.588511 1.270262
0.2118569 0.3705068 0.2692718
-0.1712766 -0.04999544 0.2852872
0.8210128 -0.3029022 1.104792
1.231275 0.7868552 -0.3171163
0.8397286 0.4219344 0.02137138
1.073313 1.386092 1.469435
-0.01916178 -0.2092196 1.257436
0.2032373 -0.2326883 -0.4479458
0.4572689 0.5533749 0.6685266
1.020143 1.295607 0.0111506
0.004980627 0.8754774 0.1270621
1.147327 0.899032 0.9528842
-0.3624931 0.3495483 1.080948
-0.1819331 -0.3622963 0.1097952
1.371876 0.06750542 0.996561
1.47013 0.9791095 -0.1108554
-0.4188249 1.182347 0.02304644
0.3702198 1.1454 1.031017
0.1094164 -0.1768197 0.6209541
0.1473886 0.1279694 -0.3214299
0.9019935 0.1887882 1.601757
1.005739 1.208498 -0.3880956
0.5725472 1.090978 0.1338872
0.8370842 1.130048 0.9145103
-0.2202301 -0.5962202 0.7035203
-0.2303265 -0.4548961 -0.1037382
0.6452594 0.1658709 1.447109
1.117014 1.337033 0.1738056
0.01361642 0.5930414 -0.3041306
1.209012 1.13329 0.391402
-0.01484425 -0.3448006 0.7530443
0.04359591 -0.2345245 0.1171048
0.5924484 -0.2588624 0.709779
0.950882 0.8797 0.3606538
0.1347276 0.4903318 -0.1287871
1.321796 0.750316 0.789118
0.3286527 -0.4183006 1.295363
0.3398142 -0.1487322 -0.03621713
1.232211 0.7004674 0.8767742
0.8342677 0.6331402 -0.1127132
-0.07520322 1.147917 -0.3882444
0.9621393 1.04743 0.8481444
-0.2914892 -0.05469115 1.31698
0.537923 -0.1739644 -0.1686062
1.063819 -0.4841865 0.956867
0.5884324 1.528549 -0.08504267
0.4352262 1.471581 0.004363693
0.1009655 1.160746 1.062629
-0.320338 0.03090287 0.4127036
-0.02058798 0.1910549 0.7546967
0.9478585 0.2214182 0.8264006
1.634962 0.6788497 0.6195577
-0.4558976 1.311626 -0.03669997
1.166898 1.210881 0.6755498
0.4559346 0.4905979 1.558579
-0.07997401 0.44627 -0.04258603
0.5929355 0.5179619 1.010896
0.8717602 1.102301 -0.4397414
-1.112366 1.21541 -0.111576
0.7247959 1.581181 1.020771
-0.5841105 -0.4108828 1.183122
-0.01588382 -0.1018737 -0.3425133
1.849566 -0.1496161 0.957369
1.089426 1.132773 -0.2049482
0.004992965 0.2622685 0.1504313
1.189074 0.9439032 0.7766047
0.05927246 -0.01969811 1.018397
-0.126085 -0.6891916 -0.1963638
0.7154933 -0.226551 1.650799
0.6123297 1.242857 -0.1275498
-0.01660392 0.685405 0.08748262
0.8857497 1.292462 0.997678
-0.5114238 0.2110806 0.6142132
0.1395087 0.06733957 0.6696221
1.147205 -0.3425462 1.45828
0.7590666 0.9052147 -0.6532154
0.3681843 0.4629774 0.1996779
0.6905504 1.172558 1.502493
-0.09060109 0.1386082 0.6879518
0.4580701 -0.1615675 0.3288557
0.8509203 0.4538079 1.062306
1.016313 0.923338 0.08481871
0.2494692 0.9361749 0.4675226
1.434771 1.021995 0.5867274
0.4515988 -0.05480657 1.036118
0.1470429 -0.2012685 1.00659
0.5751184 0.3692638 1.066609
0.7737369 1.360699 -0.591154
-0.5443925 0.9856155 0.4165852
0.21549 1.025528 1.379751
0.3799018 -0.3116491 0.3101603
-0.04079346 -0.2664124 0.3089739
1.280631 -0.1181516 0.9074004
0.1293105 0.3157462 0.08259386
-0.4111434 1.425188 -0.3822615
0.8915175 1.128384 1.405204
-0.0465293 0.3942372 1.071524
0.9525517 0.07923577 -0.0691824
0.9976016 -0.2956774 0.5991662
0.5988346 0.7715131 -0.3876779
0.1637522 1.084548 -0.1325183
0.6963794 1.18372 1.121198
-0.07053722 -0.3448422 0.8584207
0.2259863 0.0628141 -0.1539948
1.63408 -0.391288 0.9339972
1.183198 0.5296606 -0.07301754
-0.2525519 0.800012 0.4704716
0.8969446 1.392318 0.8152083
0.4956724 0.3476188 1.019904
0.3775425 -0.3200252 0.2066791
1.272105 -0.4038401 0.7994692
1.011889 0.9814301 -0.1247067
-0.1987243 0.6521915 0.4988512
1.26569 0.4503905 0.7427884
0.2580802 -0.08225677 0.7794691
0.01269609 0.162739 -0.1691502
0.6146857 0.143967 0.5803671
0.8509438 0.8971571 -0.2892073
0.04839898 0.9457487 -0.1531467
-0.07727556 1.011542 0.5883393
-0.09103106 -0.4078682 1.276302
0.5883159 -0.4957621 -0.1045638
0.9927852 0.4471826 0.7671461
1.006715 0.9647676 -0.2391142
0.06770676 0.9425769 -0.2076119
1.364711 0.8002739 1.326314
0.02817818 0.1760937 1.525985
-0.04654638 -0.08417831 -0.3083904
1.628035 0.04279507 1.048026
1.29717 0.3851066 0.1142829
-0.5276066 1.026687 0.3086836
0.1694415 1.222652 1.39817
-0.04576689 -0.06978036 1.052193
-0.09090307 0.4180174 0.02609334
1.261111 0.1710636 1.059491
1.30309 1.17651 -0.1528554
0.2222752 1.40879 -0.05643411
0.6203681 0.6720732 1.495967
0.299294 0.09152859 0.9884294
-0.1360478 -0.06202702 -0.1896246
0.8368319 0.02654654 1.756992
1.124345 0.4769273 0.09294044
-0.4880521 0.1165847 -0.214532
1.101534 0.7458949 1.523205
0.1215231 0.2231705 0.717285
0.4179216 0.1244774 -0.1379435
0.891536 0.351841 1.469801
1.218355 0.9310299 -0.2189479
-0.2979474 1.118157 -0.1804049
0.6428888 1.268966 0.8886972
-0.2746517 -0.03459798 1.135421
-0.02971542 -0.1617294 0.7044451
1.225999 0.6675664 1.296841
1.49192 1.154259 -0.5103233
0.4679772 0.8026 0.01447475
0.5949019 1.06854 0.5039646
-0.009075218 -0.0306905 0.603893
0.3763685 -0.3573777 0.3571675
1.526978 -0.1900242 1.180959
0.6946483 0.6592038 -0.08318828
0.1240581 1.170508 -0.190547
0.7980561 1.220031 1.147863
-0.223066 -0.5372828 1.050173
-0.5824707 -0.4947004 -0.9341373
1.291106 -0.3929758 0.85005
1.648002 1.634583 0.2246782
-0.4856551 1.398815 0.6136228
1.532865 0.6137248 1.744489
0.4497371 -0.5203386 1.355431
0.3172492 -0.453062 -0.03162291
0.9151563 -0.04407917 0.9268956
1.062186 0.9518192 0.2769803
-0.008164268 0.8031049 0.666698
0.9588312 1.321195 1.652306
-0.06964427 -0.1076978 0.4924714
-0.3520858 0.2788345 -0.4774945
0.4872936 -0.2174063 1.101066
1.356894 1.560658 -0.2744196
-0.2154941 0.9184042 -0.1680138
0.7193 0.6727217 1.662835
-0.01188181 0.4374477 0.8256066
0.3099461 -0.115565 -0.2110722
0.6153662 0.5069468 1.222807
0.7662639 1.440223 0.2670601
-0.105032 1.170488 0.5955745
0.5491503 1.114614 0.9078486
0.5913595 -0.278643 1.233322
