0 1 
1.56146 1
1.56146 1 
1.59745 1
1.59745 1 
1.6029 1
1.6029 1 
1.61869 1
1.61869 1 
1.64576 1
1.64576 1 
1.64991 1
1.64991 1 
1.66867 1
1.66867 1 
1.69915 1
1.69915 1 
1.71908 1
1.71908 2 
1.72743 2
1.72743 2 
1.73756 2
1.73756 2 
1.7381 2
1.7381 2 
1.75515 2
1.75515 2 
1.7762 2
1.7762 3 
1.78271 3
1.78271 3 
1.79516 3
1.79516 4 
1.81955 4
1.81955 4 
1.82624 4
1.82624 4 
1.84137 4
1.84137 4 
1.85278 4
1.85278 4 
1.86045 4
1.86045 4 
1.87492 4
1.87492 4 
1.88604 4
1.88604 4 
1.88745 4
1.88745 4 
1.89688 4
1.89688 4 
1.89753 4
1.89753 4 
1.90575 4
1.90575 4 
1.90912 4
1.90912 5 
1.91158 5
1.91158 5 
1.92409 5
1.92409 5 
1.92553 5
1.92553 5 
1.92756 5
1.92756 5 
1.93039 5
1.93039 5 
1.93431 5
1.93431 5 
1.93856 5
1.93856 5 
1.94521 5
1.94521 5 
1.94651 5
1.94651 5 
1.95155 5
1.95155 5 
1.95354 5
1.95354 5 
1.97124 5
1.97124 5 
1.97928 5
1.97928 5 
1.97957 5
1.97957 6 
1.98034 6
1.98034 6 
1.984 6
1.984 6 
1.9861 6
1.9861 6 
1.99343 6
1.99343 6 
1.9993 6
1.9993 6 
1.99949 6
1.99949 6 
2.0007 6
2.0007 6 
2.00605 6
2.00605 6 
2.00728 6
2.00728 6 
2.00766 6
2.00766 6 
2.00916 6
2.00916 6 
2.01381 6
2.01381 6 
2.01689 6
2.01689 6 
2.02412 6
2.02412 6 
2.02629 6
2.02629 6 
2.03229 6
2.03229 6 
2.03597 6
2.03597 7 
2.03967 7
2.03967 7 
2.04503 7
2.04503 8 
2.05046 8
2.05046 8 
2.06043 8
2.06043 9 
2.06083 9
2.06083 10 
2.06266 10
2.06266 10 
2.06297 10
2.06297 10 
2.07011 10
2.07011 10 
2.07487 10
2.07487 10 
2.08265 10
2.08265 10 
2.08444 10
2.08444 10 
2.08513 10
2.08513 10 
2.08662 10
2.08662 10 
2.08845 10
2.08845 10 
2.089 10
2.089 10 
2.11848 10
2.11848 10 
2.11881 10
2.11881 10 
2.12177 10
2.12177 10 
2.12484 10
2.12484 10 
2.13927 10
2.13927 10 
2.14276 10
2.14276 10 
2.14615 10
2.14615 10 
2.14715 10
2.14715 10 
2.15687 10
2.15687 10 
2.15828 10
2.15828 10 
2.1586 10
2.1586 10 
2.15898 10
2.15898 10 
2.15909 10
2.15909 10 
2.15951 10
2.15951 10 
2.17183 10
2.17183 10 
2.17221 10
2.17221 10 
2.17892 10
2.17892 10 
2.18117 10
2.18117 10 
2.18493 10
2.18493 10 
2.18591 10
2.18591 10 
2.18615 10
2.18615 10 
2.18616 10
2.18616 10 
2.18775 10
2.18775 10 
2.18911 10
2.18911 11 
2.1914 11
2.1914 12 
2.19924 12
2.19924 12 
2.20015 12
2.20015 12 
2.20569 12
2.20569 12 
2.2105 12
2.2105 13 
2.21305 13
2.21305 13 
2.2152 13
2.2152 14 
2.21945 14
2.21945 15 
2.2197 15
2.2197 15 
2.21973 15
2.21973 15 
2.2198 15
2.2198 15 
2.22582 15
2.22582 15 
2.22905 15
2.22905 15 
2.23812 15
2.23812 15 
2.24169 15
2.24169 15 
2.24526 15
2.24526 15 
2.24684 15
2.24684 15 
2.25228 15
2.25228 15 
2.25502 15
2.25502 15 
2.26251 15
2.26251 15 
2.27591 15
2.27591 15 
2.27626 15
2.27626 16 
2.28139 16
2.28139 16 
2.2842 16
2.2842 17 
2.28535 17
2.28535 17 
2.28548 17
2.28548 17 
2.28846 17
2.28846 17 
2.29308 17
2.29308 17 
2.30693 17
2.30693 17 
2.3076 17
2.3076 18 
2.31009 18
2.31009 18 
2.31221 18
2.31221 18 
2.31312 18
2.31312 18 
2.31761 18
2.31761 18 
2.31822 18
2.31822 18 
2.3257 18
2.3257 18 
2.3289 18
2.3289 18 
2.33181 18
2.33181 18 
2.33272 18
2.33272 18 
2.33734 18
2.33734 19 
2.34139 19
2.34139 19 
2.34165 19
2.34165 20 
2.342 20
2.342 20 
2.34208 20
2.34208 20 
2.34368 20
2.34368 20 
2.34894 20
2.34894 20 
2.35905 20
2.35905 20 
2.36283 20
2.36283 20 
2.37222 20
2.37222 20 
2.37824 20
2.37824 21 
2.38439 21
2.38439 22 
2.38851 22
2.38851 23 
2.39295 23
2.39295 23 
2.39681 23
2.39681 23 
2.40177 23
2.40177 23 
2.40582 23
2.40582 23 
2.40605 23
2.40605 23 
2.40788 23
2.40788 23 
2.40984 23
2.40984 23 
2.41093 23
2.41093 23 
2.41212 23
2.41212 23 
2.42101 23
2.42101 23 
2.42236 23
2.42236 23 
2.42877 23
2.42877 23 
2.43216 23
2.43216 23 
2.43453 23
2.43453 23 
2.43496 23
2.43496 24 
2.43655 24
2.43655 24 
2.44324 24
2.44324 24 
2.44867 24
2.44867 24 
2.44993 24
2.44993 24 
2.45407 24
2.45407 24 
2.45707 24
2.45707 24 
2.45971 24
2.45971 24 
2.46741 24
2.46741 24 
2.46861 24
2.46861 24 
2.4688 24
2.4688 24 
2.46894 24
2.46894 24 
2.47262 24
2.47262 24 
2.47396 24
2.47396 24 
2.47809 24
2.47809 24 
2.48476 24
2.48476 24 
2.48633 24
2.48633 24 
2.49078 24
2.49078 25 
2.49444 25
2.49444 25 
2.49447 25
2.49447 25 
2.49488 25
2.49488 25 
2.50723 25
2.50723 25 
2.51439 25
2.51439 25 
2.51826 25
2.51826 25 
2.51987 25
2.51987 25 
2.52289 25
2.52289 25 
2.52513 25
2.52513 25 
2.52529 25
2.52529 26 
2.52555 26
2.52555 26 
2.52924 26
2.52924 26 
2.52937 26
2.52937 26 
2.53692 26
2.53692 26 
2.53736 26
2.53736 26 
2.53742 26
2.53742 26 
2.54063 26
2.54063 26 
2.54434 26
2.54434 26 
2.54975 26
2.54975 26 
2.55175 26
2.55175 26 
2.55283 26
2.55283 26 
2.55865 26
2.55865 27 
2.56094 27
2.56094 27 
2.56096 27
2.56096 27 
2.56131 27
2.56131 27 
2.56217 27
2.56217 27 
2.56564 27
2.56564 27 
2.57678 27
2.57678 27 
2.57749 27
2.57749 27 
2.58111 27
2.58111 27 
2.58594 27
2.58594 27 
2.58594 27
2.58594 27 
2.59232 27
2.59232 27 
2.59278 27
2.59278 27 
2.59302 27
2.59302 27 
2.59771 27
2.59771 27 
2.59933 27
2.59933 27 
2.60217 27
2.60217 27 
2.60379 27
2.60379 27 
2.61254 27
2.61254 27 
2.61268 27
2.61268 27 
2.61535 27
2.61535 27 
2.62748 27
2.62748 27 
2.62956 27
2.62956 27 
2.6386 27
2.6386 27 
2.64439 27
2.64439 27 
2.64624 27
2.64624 27 
2.64854 27
2.64854 27 
2.64998 27
2.64998 27 
2.65143 27
2.65143 27 
2.65177 27
2.65177 27 
2.65624 27
2.65624 27 
2.6578 27
2.6578 27 
2.6606 27
2.6606 27 
2.66274 27
2.66274 27 
2.67428 27
2.67428 27 
2.67469 27
2.67469 27 
2.68198 27
2.68198 27 
2.68231 27
2.68231 27 
2.68395 27
2.68395 27 
2.68567 27
2.68567 28 
2.69153 28
2.69153 28 
2.69211 28
2.69211 28 
2.69622 28
2.69622 29 
2.69863 29
2.69863 29 
2.70354 29
2.70354 29 
2.70766 29
2.70766 29 
2.71165 29
2.71165 29 
2.71375 29
2.71375 29 
2.7138 29
2.7138 29 
2.71386 29
2.71386 29 
2.71574 29
2.71574 29 
2.71597 29
2.71597 29 
2.7191 29
2.7191 29 
2.72048 29
2.72048 30 
2.72465 30
2.72465 30 
2.72939 30
2.72939 30 
2.72996 30
2.72996 30 
2.73084 30
2.73084 30 
2.73369 30
2.73369 30 
2.73543 30
2.73543 30 
2.73633 30
2.73633 30 
2.73865 30
2.73865 30 
2.74039 30
2.74039 30 
2.74214 30
2.74214 30 
2.74687 30
2.74687 30 
2.74929 30
2.74929 30 
2.74967 30
2.74967 30 
2.75224 30
2.75224 30 
2.75445 30
2.75445 30 
2.75891 30
2.75891 30 
2.75994 30
2.75994 31 
2.76041 31
2.76041 31 
2.76915 31
2.76915 31 
2.76967 31
2.76967 31 
2.77277 31
2.77277 32 
2.7752 32
2.7752 32 
2.77728 32
2.77728 32 
2.77781 32
2.77781 32 
2.79142 32
2.79142 33 
2.79204 33
2.79204 33 
2.79782 33
2.79782 33 
2.79819 33
2.79819 33 
2.79855 33
2.79855 33 
2.80107 33
2.80107 33 
2.80389 33
2.80389 33 
2.80551 33
2.80551 33 
2.81109 33
2.81109 33 
2.81778 33
2.81778 33 
2.82 33
2.82 33 
2.82257 33
2.82257 33 
2.82706 33
2.82706 33 
2.8309 33
2.8309 33 
2.83322 33
2.83322 33 
2.8401 33
2.8401 33 
2.84167 33
2.84167 33 
2.84329 33
2.84329 33 
2.84672 33
2.84672 34 
2.84762 34
2.84762 34 
2.85367 34
2.85367 34 
2.85802 34
2.85802 34 
2.85962 34
2.85962 35 
2.86129 35
2.86129 35 
2.86906 35
2.86906 35 
2.87012 35
2.87012 35 
2.87463 35
2.87463 35 
2.87611 35
2.87611 35 
2.87668 35
2.87668 35 
2.8777 35
2.8777 36 
2.87835 36
2.87835 36 
2.88467 36
2.88467 36 
2.88521 36
2.88521 36 
2.88537 36
2.88537 36 
2.88875 36
2.88875 36 
2.89101 36
2.89101 36 
2.89369 36
2.89369 36 
2.89391 36
2.89391 36 
2.89419 36
2.89419 36 
2.89661 36
2.89661 36 
2.89902 36
2.89902 36 
2.90032 36
2.90032 36 
2.90874 36
2.90874 36 
2.91059 36
2.91059 36 
2.9133 36
2.9133 36 
2.91347 36
2.91347 36 
2.91747 36
2.91747 36 
2.91773 36
2.91773 36 
2.91779 36
2.91779 36 
2.92299 36
2.92299 36 
2.92421 36
2.92421 36 
2.92542 36
2.92542 36 
2.92556 36
2.92556 37 
2.92707 37
2.92707 37 
2.92792 37
2.92792 37 
2.92947 37
2.92947 37 
2.92999 37
2.92999 37 
2.93166 37
2.93166 37 
2.93197 37
2.93197 37 
2.93253 37
2.93253 38 
2.93586 38
2.93586 38 
2.93696 38
2.93696 38 
2.93817 38
2.93817 38 
2.93871 38
2.93871 38 
2.93969 38
2.93969 38 
2.94209 38
2.94209 38 
2.94328 38
2.94328 38 
2.94415 38
2.94415 38 
2.94645 38
2.94645 38 
2.94765 38
2.94765 38 
2.94873 38
2.94873 38 
2.94934 38
2.94934 38 
2.95064 38
2.95064 38 
2.95201 38
2.95201 38 
2.95244 38
2.95244 38 
2.9543 38
2.9543 39 
2.95869 39
2.95869 39 
2.96332 39
2.96332 39 
2.96355 39
2.96355 39 
2.96462 39
2.96462 39 
2.96703 39
2.96703 39 
2.96774 39
2.96774 39 
2.97025 39
2.97025 39 
2.97055 39
2.97055 39 
2.97119 39
2.97119 39 
2.97256 39
2.97256 39 
2.97411 39
2.97411 39 
2.97648 39
2.97648 39 
2.9811 39
2.9811 39 
2.98164 39
2.98164 39 
2.98355 39
2.98355 39 
2.98391 39
2.98391 39 
2.9871 39
2.9871 39 
2.98791 39
2.98791 39 
2.9894 39
2.9894 39 
2.9922 39
2.9922 39 
2.99267 39
2.99267 39 
2.99444 39
2.99444 39 
2.9945 39
2.9945 39 
3.00133 39
3.00133 39 
3.00364 39
3.00364 39 
3.00451 39
3.00451 39 
3.00483 39
3.00483 39 
3.00509 39
3.00509 39 
3.00578 39
3.00578 39 
3.00748 39
3.00748 39 
3.00749 39
3.00749 39 
3.00915 39
3.00915 39 
3.00953 39
3.00953 39 
3.01172 39
3.01172 39 
3.01679 39
3.01679 39 
3.01695 39
3.01695 39 
3.01727 39
3.01727 39 
3.01992 39
3.01992 39 
3.02001 39
3.02001 39 
3.02484 39
3.02484 39 
3.02588 39
3.02588 39 
3.02667 39
3.02667 39 
3.02744 39
3.02744 39 
3.02923 39
3.02923 39 
3.03179 39
3.03179 39 
3.03213 39
3.03213 39 
3.03222 39
3.03222 39 
3.03423 39
3.03423 39 
3.03492 39
3.03492 39 
3.03617 39
3.03617 39 
3.03686 39
3.03686 39 
3.03877 39
3.03877 39 
3.03967 39
3.03967 40 
3.04138 40
3.04138 40 
3.04149 40
3.04149 40 
3.04207 40
3.04207 40 
3.04493 40
3.04493 40 
3.04807 40
3.04807 40 
3.04836 40
3.04836 40 
3.05008 40
3.05008 40 
3.05087 40
3.05087 40 
3.05676 40
3.05676 40 
3.05723 40
3.05723 40 
3.05743 40
3.05743 40 
3.05979 40
3.05979 40 
3.05979 40
3.05979 40 
3.06206 40
3.06206 40 
3.06334 40
3.06334 40 
3.06336 40
3.06336 40 
3.06389 40
3.06389 40 
3.06409 40
3.06409 40 
3.06465 40
3.06465 40 
3.06607 40
3.06607 40 
3.07006 40
3.07006 40 
3.07215 40
3.07215 40 
3.07245 40
3.07245 40 
3.0779 40
3.0779 40 
3.07848 40
3.07848 40 
3.07884 40
3.07884 40 
3.07919 40
3.07919 40 
3.07963 40
3.07963 40 
3.0805 40
3.0805 40 
3.08271 40
3.08271 40 
3.08418 40
3.08418 40 
3.08905 40
3.08905 40 
3.09021 40
3.09021 40 
3.09265 40
3.09265 40 
3.09355 40
3.09355 40 
3.09439 40
3.09439 40 
3.0956 40
3.0956 40 
3.09702 40
3.09702 40 
3.09883 40
3.09883 40 
3.09953 40
3.09953 40 
3.10044 40
3.10044 40 
3.1017 40
3.1017 40 
3.1019 40
3.1019 40 
3.10343 40
3.10343 40 
3.10473 40
3.10473 40 
3.10581 40
3.10581 40 
3.10613 40
3.10613 41 
3.10785 41
3.10785 41 
3.10972 41
3.10972 41 
3.1138 41
3.1138 41 
3.11454 41
3.11454 41 
3.11457 41
3.11457 41 
3.11469 41
3.11469 41 
3.11619 41
3.11619 41 
3.1162 41
3.1162 41 
3.11708 41
3.11708 41 
3.1194 41
3.1194 41 
3.11984 41
3.11984 41 
3.12214 41
3.12214 41 
3.12625 41
3.12625 41 
3.1268 41
3.1268 41 
3.12931 41
3.12931 41 
3.12975 41
3.12975 41 
3.13043 41
3.13043 41 
3.1307 41
3.1307 41 
3.13206 41
3.13206 41 
3.13226 41
3.13226 41 
3.13286 41
3.13286 41 
3.13323 41
3.13323 41 
3.13393 41
3.13393 41 
3.13433 41
3.13433 41 
3.13465 41
3.13465 41 
3.13609 41
3.13609 42 
3.13786 42
3.13786 42 
3.1383 42
3.1383 42 
3.1386 42
3.1386 42 
3.13953 42
3.13953 42 
3.1404 42
3.1404 42 
3.14194 42
3.14194 42 
3.14249 42
3.14249 42 
3.14306 42
3.14306 42 
3.14394 42
3.14394 42 
3.14529 42
3.14529 42 
3.14542 42
3.14542 42 
3.14757 42
3.14757 42 
3.14797 42
3.14797 42 
3.14827 42
3.14827 42 
3.15094 42
3.15094 42 
3.15182 42
3.15182 42 
3.15419 42
3.15419 42 
3.15574 42
3.15574 42 
3.15647 42
3.15647 42 
3.15843 42
3.15843 42 
3.15844 42
3.15844 42 
3.16046 42
3.16046 42 
3.16092 42
3.16092 42 
3.16376 42
3.16376 42 
3.16471 42
3.16471 42 
3.16485 42
3.16485 42 
3.16801 42
3.16801 42 
3.16827 42
3.16827 42 
3.16852 42
3.16852 42 
3.16878 42
3.16878 42 
3.16888 42
3.16888 42 
3.16942 42
3.16942 42 
3.1709 42
3.1709 42 
3.17198 42
3.17198 42 
3.17215 42
3.17215 42 
3.1742 42
3.1742 42 
3.17463 42
3.17463 42 
3.1767 42
3.1767 42 
3.17682 42
3.17682 42 
3.17852 42
3.17852 42 
3.17868 42
3.17868 42 
3.18065 42
3.18065 42 
3.1808 42
3.1808 42 
3.18144 42
3.18144 42 
3.18248 42
3.18248 42 
3.18255 42
3.18255 42 
3.18279 42
3.18279 42 
3.183 42
3.183 42 
3.18303 42
3.18303 42 
3.18371 42
3.18371 42 
3.187 42
3.187 42 
3.18783 42
3.18783 42 
3.18798 42
3.18798 42 
3.18873 42
3.18873 42 
3.18879 42
3.18879 42 
3.18972 42
3.18972 42 
3.19006 42
3.19006 42 
3.19031 42
3.19031 42 
3.19071 42
3.19071 42 
3.19205 42
3.19205 42 
3.19288 42
3.19288 42 
3.19451 42
3.19451 42 
3.19548 42
3.19548 42 
3.19578 42
3.19578 42 
3.19625 42
3.19625 42 
3.19643 42
3.19643 42 
3.19688 42
3.19688 42 
3.19734 42
3.19734 42 
3.19838 42
3.19838 42 
3.19927 42
3.19927 42 
3.20006 42
3.20006 42 
3.20106 42
3.20106 42 
3.20195 42
3.20195 42 
3.20224 42
3.20224 42 
3.20394 42
3.20394 42 
3.20452 42
3.20452 42 
3.20483 42
3.20483 42 
3.20515 42
3.20515 42 
3.20638 42
3.20638 43 
3.20977 43
3.20977 43 
3.21091 43
3.21091 43 
3.21111 43
3.21111 43 
3.21322 43
3.21322 43 
3.214 43
3.214 43 
3.21472 43
3.21472 43 
3.21567 43
3.21567 43 
3.21592 43
3.21592 43 
3.21762 43
3.21762 43 
3.21768 43
3.21768 44 
3.21781 44
3.21781 44 
3.21831 44
3.21831 44 
3.21871 44
3.21871 44 
3.2194 44
3.2194 44 
3.21954 44
3.21954 44 
3.21992 44
3.21992 44 
3.22006 44
3.22006 44 
3.22231 44
3.22231 44 
3.22328 44
3.22328 44 
3.22391 44
3.22391 44 
3.22416 44
3.22416 44 
3.22436 44
3.22436 44 
3.22471 44
3.22471 44 
3.22639 44
3.22639 44 
3.22677 44
3.22677 44 
3.22801 44
3.22801 44 
3.22843 44
3.22843 44 
3.22931 44
3.22931 44 
3.22957 44
3.22957 44 
3.23005 44
3.23005 44 
3.23007 44
3.23007 44 
3.23065 44
3.23065 44 
3.23179 44
3.23179 44 
3.23341 44
3.23341 44 
3.23534 44
3.23534 44 
3.23753 44
3.23753 44 
3.24074 44
3.24074 44 
3.24109 44
3.24109 44 
3.24166 44
3.24166 44 
3.24186 44
3.24186 44 
3.24407 44
3.24407 44 
3.24517 44
3.24517 44 
3.24691 44
3.24691 45 
3.24749 45
3.24749 45 
3.24794 45
3.24794 45 
3.24817 45
3.24817 45 
3.24994 45
3.24994 46 
3.25117 46
3.25117 46 
3.25235 46
3.25235 47 
3.2531 47
3.2531 47 
3.25313 47
3.25313 47 
3.25386 47
3.25386 47 
3.255 47
3.255 47 
3.25676 47
3.25676 47 
3.25742 47
3.25742 47 
3.25824 47
3.25824 47 
3.26089 47
3.26089 47 
3.26123 47
3.26123 47 
3.26159 47
3.26159 48 
3.26212 48
3.26212 48 
3.26326 48
3.26326 48 
3.26433 48
3.26433 48 
3.26439 48
3.26439 48 
3.26452 48
3.26452 48 
3.26505 48
3.26505 48 
3.26527 48
3.26527 48 
3.26545 48
3.26545 48 
3.26784 48
3.26784 48 
3.26798 48
3.26798 48 
3.26905 48
3.26905 48 
3.27173 48
3.27173 48 
3.27206 48
3.27206 48 
3.27235 48
3.27235 48 
3.27246 48
3.27246 48 
3.27334 48
3.27334 48 
3.2738 48
3.2738 48 
3.27557 48
3.27557 48 
3.27635 48
3.27635 48 
3.27736 48
3.27736 48 
3.27854 48
3.27854 48 
3.27959 48
3.27959 48 
3.28006 48
3.28006 48 
3.28078 48
3.28078 48 
3.28098 48
3.28098 48 
3.28129 48
3.28129 48 
3.28235 48
3.28235 48 
3.28322 48
3.28322 48 
3.28326 48
3.28326 48 
3.28328 48
3.28328 48 
3.28337 48
3.28337 48 
3.28455 48
3.28455 48 
3.28458 48
3.28458 48 
3.2847 48
3.2847 48 
3.28648 48
3.28648 48 
3.28654 48
3.28654 49 
3.28679 49
3.28679 49 
3.28753 49
3.28753 49 
3.28835 49
3.28835 49 
3.2884 49
3.2884 49 
3.28894 49
3.28894 49 
3.28914 49
3.28914 49 
3.28974 49
3.28974 49 
3.28982 49
3.28982 49 
3.29061 49
3.29061 49 
3.29137 49
3.29137 49 
3.29215 49
3.29215 49 
3.29217 49
3.29217 49 
3.29325 49
3.29325 49 
3.29391 49
3.29391 49 
3.29412 49
3.29412 49 
3.29451 49
3.29451 49 
3.29585 49
3.29585 49 
3.29682 49
3.29682 49 
3.29712 49
3.29712 49 
3.29959 49
3.29959 49 
3.29969 49
3.29969 49 
3.30035 49
3.30035 49 
3.30039 49
3.30039 49 
3.30041 49
3.30041 49 
3.30066 49
3.30066 49 
3.30117 49
3.30117 49 
3.30277 49
3.30277 49 
3.30294 49
3.30294 49 
3.30312 49
3.30312 49 
3.30331 49
3.30331 49 
3.3035 49
3.3035 49 
3.30552 49
3.30552 49 
3.30584 49
3.30584 49 
3.30695 49
3.30695 49 
3.30783 49
3.30783 49 
3.308 49
3.308 49 
3.3085 49
3.3085 49 
3.30975 49
3.30975 49 
3.31032 49
3.31032 49 
3.31094 49
3.31094 49 
3.31135 49
3.31135 49 
3.31229 49
3.31229 50 
3.3124 50
3.3124 50 
3.31241 50
3.31241 50 
3.31264 50
3.31264 50 
3.31321 50
3.31321 50 
3.31347 50
3.31347 50 
3.31429 50
3.31429 50 
3.3159 50
3.3159 50 
3.31598 50
3.31598 50 
3.31649 50
3.31649 50 
3.31658 50
3.31658 50 
3.31774 50
3.31774 50 
3.31793 50
3.31793 50 
3.31811 50
3.31811 50 
3.31817 50
3.31817 50 
3.31888 50
3.31888 50 
3.31888 50
3.31888 50 
3.31981 50
3.31981 50 
3.31994 50
3.31994 50 
3.32196 50
3.32196 50 
3.32206 50
3.32206 50 
3.3226 50
3.3226 50 
3.32293 50
3.32293 50 
3.32358 50
3.32358 50 
3.32465 50
3.32465 50 
3.32483 50
3.32483 50 
3.32487 50
3.32487 50 
3.32523 50
3.32523 50 
3.32775 50
3.32775 50 
3.32779 50
3.32779 50 
3.32814 50
3.32814 50 
3.3282 50
3.3282 50 
3.32907 50
3.32907 50 
3.33101 50
3.33101 50 
3.33212 50
3.33212 50 
3.33266 50
3.33266 51 
3.33277 51
3.33277 51 
3.3331 51
3.3331 51 
3.33423 51
3.33423 51 
3.33533 51
3.33533 51 
3.33542 51
3.33542 51 
3.33611 51
3.33611 51 
3.33707 51
3.33707 51 
3.33797 51
3.33797 51 
3.33872 51
3.33872 51 
3.33924 51
3.33924 51 
3.34012 51
3.34012 51 
3.34139 51
3.34139 51 
3.3414 51
3.3414 51 
3.34161 51
3.34161 51 
3.34219 51
3.34219 51 
3.34261 51
3.34261 51 
3.34299 51
3.34299 51 
3.34314 51
3.34314 51 
3.3453 51
3.3453 51 
3.34573 51
3.34573 51 
3.3463 51
3.3463 51 
3.34636 51
3.34636 51 
3.34677 51
3.34677 51 
3.3474 51
3.3474 51 
3.34809 51
3.34809 51 
3.35022 51
3.35022 51 
3.35041 51
3.35041 51 
3.35052 51
3.35052 51 
3.35091 51
3.35091 51 
3.35167 51
3.35167 51 
3.35171 51
3.35171 51 
3.3522 51
3.3522 51 
3.35349 51
3.35349 51 
3.35388 51
3.35388 51 
3.35442 51
3.35442 51 
3.35535 51
3.35535 51 
3.35658 51
3.35658 51 
3.35723 51
3.35723 51 
3.35792 51
3.35792 51 
3.35812 51
3.35812 51 
3.35896 51
3.35896 51 
3.35912 51
3.35912 52 
3.36019 52
3.36019 52 
3.36049 52
3.36049 52 
3.3605 52
3.3605 52 
3.36064 52
3.36064 52 
3.36158 52
3.36158 52 
3.36171 52
3.36171 52 
3.36191 52
3.36191 52 
3.36212 52
3.36212 52 
3.36289 52
3.36289 52 
3.36342 52
3.36342 52 
3.36351 52
3.36351 52 
3.36417 52
3.36417 52 
3.36459 52
3.36459 52 
3.36535 52
3.36535 52 
3.36543 52
3.36543 52 
3.3671 52
3.3671 52 
3.36816 52
3.36816 52 
3.37083 52
3.37083 52 
3.37125 52
3.37125 52 
3.37196 52
3.37196 52 
3.37234 52
3.37234 52 
3.37263 52
3.37263 52 
3.37287 52
3.37287 53 
3.37287 53
3.37287 53 
3.37459 53
3.37459 53 
3.37585 53
3.37585 53 
3.37601 53
3.37601 53 
3.37676 53
3.37676 53 
3.37716 53
3.37716 53 
3.37878 53
3.37878 53 
3.37908 53
3.37908 53 
3.37915 53
3.37915 53 
3.37938 53
3.37938 53 
3.37972 53
3.37972 53 
3.38199 53
3.38199 53 
3.38214 53
3.38214 53 
3.38257 53
3.38257 53 
3.3828 53
3.3828 53 
3.38309 53
3.38309 53 
3.38457 53
3.38457 53 
3.38489 53
3.38489 53 
3.38524 53
3.38524 53 
3.387 53
3.387 53 
3.38722 53
3.38722 53 
3.38722 53
3.38722 53 
3.38751 53
3.38751 53 
3.38923 53
3.38923 53 
3.38932 53
3.38932 53 
3.39001 53
3.39001 53 
3.39038 53
3.39038 53 
3.39043 53
3.39043 53 
3.39099 53
3.39099 53 
3.39123 53
3.39123 53 
3.39327 53
3.39327 53 
3.3936 53
3.3936 53 
3.39366 53
3.39366 53 
3.39432 53
3.39432 53 
3.39548 53
3.39548 53 
3.3966 53
3.3966 53 
3.39684 53
3.39684 53 
3.39684 53
3.39684 53 
3.39737 53
3.39737 53 
3.39776 53
3.39776 53 
3.39811 53
3.39811 53 
3.39826 53
3.39826 53 
3.39831 53
3.39831 53 
3.3998 53
3.3998 53 
3.40018 53
3.40018 53 
3.40126 53
3.40126 53 
3.40161 53
3.40161 53 
3.40273 53
3.40273 53 
3.40276 53
3.40276 53 
3.40279 53
3.40279 53 
3.40395 53
3.40395 53 
3.40492 53
3.40492 53 
3.40537 53
3.40537 53 
3.40632 53
3.40632 53 
3.40656 53
3.40656 53 
3.40696 53
3.40696 53 
3.40728 53
3.40728 53 
3.4086 53
3.4086 53 
3.40878 53
3.40878 53 
3.40947 53
3.40947 53 
3.41128 53
3.41128 53 
3.41172 53
3.41172 53 
3.4122 53
3.4122 53 
3.41254 53
3.41254 53 
3.41265 53
3.41265 53 
3.41273 53
3.41273 53 
3.41349 53
3.41349 53 
3.41392 53
3.41392 53 
3.41395 53
3.41395 53 
3.41438 53
3.41438 53 
3.41442 53
3.41442 53 
3.41462 53
3.41462 53 
3.41653 53
3.41653 53 
3.41658 53
3.41658 53 
3.4167 53
3.4167 53 
3.41703 53
3.41703 53 
3.41722 53
3.41722 53 
3.41755 53
3.41755 53 
3.41815 53
3.41815 53 
3.41848 53
3.41848 53 
3.41871 53
3.41871 53 
3.41903 53
3.41903 53 
3.41966 53
3.41966 53 
3.42032 53
3.42032 53 
3.42066 53
3.42066 53 
3.42092 53
3.42092 53 
3.42164 53
3.42164 53 
3.42192 53
3.42192 53 
3.42229 53
3.42229 53 
3.42276 53
3.42276 53 
3.42324 53
3.42324 53 
3.42352 53
3.42352 53 
3.4247 53
3.4247 53 
3.42528 53
3.42528 53 
3.42734 53
3.42734 53 
3.42764 53
3.42764 53 
3.42801 53
3.42801 53 
3.42828 53
3.42828 53 
3.42905 53
3.42905 53 
3.43069 53
3.43069 53 
3.43079 53
3.43079 53 
3.43116 53
3.43116 53 
3.43142 53
3.43142 53 
3.43216 53
3.43216 53 
3.43256 53
3.43256 53 
3.43277 53
3.43277 53 
3.43328 53
3.43328 53 
3.43638 53
3.43638 53 
3.43652 53
3.43652 53 
3.43667 53
3.43667 53 
3.43679 53
3.43679 53 
3.437 53
3.437 53 
3.43727 53
3.43727 53 
3.43736 53
3.43736 53 
3.43838 53
3.43838 53 
3.43856 53
3.43856 53 
3.43935 53
3.43935 53 
3.43941 53
3.43941 53 
3.43973 53
3.43973 53 
3.4414 53
3.4414 53 
3.44191 53
3.44191 53 
3.44224 53
3.44224 53 
3.44386 53
3.44386 53 
3.44424 53
3.44424 53 
3.44455 53
3.44455 53 
3.44511 53
3.44511 53 
3.4452 53
3.4452 53 
3.44588 53
3.44588 53 
3.44592 53
3.44592 53 
3.44639 53
3.44639 53 
3.44689 53
3.44689 53 
3.44726 53
3.44726 53 
3.44738 53
3.44738 54 
3.44978 54
3.44978 54 
3.44988 54
3.44988 54 
3.45019 54
3.45019 54 
3.45024 54
3.45024 54 
3.45088 54
3.45088 54 
3.45096 54
3.45096 54 
3.45203 54
3.45203 54 
3.45313 54
3.45313 54 
3.45346 54
3.45346 54 
3.45361 54
3.45361 54 
3.45378 54
3.45378 54 
3.45435 54
3.45435 54 
3.45477 54
3.45477 54 
3.45489 54
3.45489 54 
3.45498 54
3.45498 54 
3.45588 54
3.45588 54 
3.45589 54
3.45589 54 
3.45683 54
3.45683 54 
3.45711 54
3.45711 54 
3.4576 54
3.4576 54 
3.45784 54
3.45784 54 
3.45798 54
3.45798 54 
3.46045 54
3.46045 54 
3.46131 54
3.46131 54 
3.46221 54
3.46221 54 
3.46228 54
3.46228 55 
3.46252 55
3.46252 55 
3.46281 55
3.46281 55 
3.46288 55
3.46288 55 
3.46297 55
3.46297 55 
3.4631 55
3.4631 55 
3.46336 55
3.46336 55 
3.46573 55
3.46573 55 
3.46646 55
3.46646 55 
3.46719 55
3.46719 55 
3.46749 55
3.46749 55 
3.4675 55
3.4675 55 
3.46785 55
3.46785 55 
3.46819 55
3.46819 55 
3.46892 55
3.46892 55 
3.46902 55
3.46902 55 
3.46911 55
3.46911 55 
3.46927 55
3.46927 55 
3.46957 55
3.46957 55 
3.4697 55
3.4697 55 
3.46985 55
3.46985 55 
3.4708 55
3.4708 55 
3.471 55
3.471 55 
3.47138 55
3.47138 55 
3.47144 55
3.47144 55 
3.47161 55
3.47161 55 
3.4721 55
3.4721 55 
3.47214 55
3.47214 55 
3.4722 55
3.4722 55 
3.47233 55
3.47233 55 
3.47251 55
3.47251 55 
3.47366 55
3.47366 55 
3.47375 55
3.47375 55 
3.47418 55
3.47418 55 
3.4745 55
3.4745 55 
3.47477 55
3.47477 55 
3.47497 55
3.47497 55 
3.47576 55
3.47576 55 
3.47668 55
3.47668 55 
3.4771 55
3.4771 55 
3.47722 55
3.47722 55 
3.47789 55
3.47789 55 
3.47804 55
3.47804 55 
3.47807 55
3.47807 55 
3.4793 55
3.4793 55 
3.4798 55
3.4798 55 
3.48004 55
3.48004 55 
3.48034 55
3.48034 55 
3.48035 55
3.48035 55 
3.48036 55
3.48036 55 
3.48054 55
3.48054 55 
3.48204 55
3.48204 55 
3.48209 55
3.48209 55 
3.48286 55
3.48286 55 
3.48287 55
3.48287 55 
3.48296 55
3.48296 55 
3.48393 55
3.48393 55 
3.48397 55
3.48397 56 
3.48405 56
3.48405 56 
3.48428 56
3.48428 56 
3.48473 56
3.48473 56 
3.48597 56
3.48597 56 
3.48651 56
3.48651 56 
3.48932 56
3.48932 56 
3.48999 56
3.48999 56 
3.49036 56
3.49036 56 
3.4917 56
3.4917 56 
3.49183 56
3.49183 56 
3.49401 56
3.49401 56 
3.4945 56
3.4945 56 
3.49485 56
3.49485 56 
3.49488 56
3.49488 56 
3.49583 56
3.49583 56 
3.49584 56
3.49584 56 
3.49679 56
3.49679 56 
3.49812 56
3.49812 56 
3.49946 56
3.49946 56 
3.49952 56
3.49952 56 
3.4997 56
3.4997 56 
3.50031 56
3.50031 56 
3.50045 56
3.50045 56 
3.50047 56
3.50047 56 
3.50075 56
3.50075 56 
3.50075 56
3.50075 56 
3.50139 56
3.50139 56 
3.50154 56
3.50154 56 
3.50223 56
3.50223 56 
3.5024 56
3.5024 56 
3.50375 56
3.50375 56 
3.50501 56
3.50501 56 
3.50654 56
3.50654 56 
3.50656 56
3.50656 56 
3.50693 56
3.50693 56 
3.5082 56
3.5082 56 
3.50823 56
3.50823 56 
3.50861 56
3.50861 56 
3.50868 56
3.50868 56 
3.50937 56
3.50937 56 
3.50938 56
3.50938 56 
3.51033 56
3.51033 56 
3.51078 56
3.51078 56 
3.51088 56
3.51088 56 
3.51217 56
3.51217 56 
3.51217 56
3.51217 56 
3.51328 56
3.51328 56 
3.5135 56
3.5135 56 
3.51372 56
3.51372 56 
3.51498 56
3.51498 56 
3.51592 56
3.51592 56 
3.51606 56
3.51606 56 
3.51648 56
3.51648 56 
3.51684 56
3.51684 56 
3.51684 56
3.51684 56 
3.51713 56
3.51713 56 
3.51751 56
3.51751 56 
3.51801 56
3.51801 56 
3.51818 56
3.51818 56 
3.51843 56
3.51843 56 
3.51895 56
3.51895 56 
3.52012 56
3.52012 56 
3.52174 56
3.52174 56 
3.52205 56
3.52205 56 
3.52289 56
3.52289 56 
3.52298 56
3.52298 56 
3.52299 56
3.52299 56 
3.52321 56
3.52321 56 
3.52335 56
3.52335 56 
3.52373 56
3.52373 56 
3.52382 56
3.52382 56 
3.52428 56
3.52428 56 
3.52449 56
3.52449 56 
3.52525 56
3.52525 56 
3.52528 56
3.52528 56 
3.52565 56
3.52565 56 
3.52575 56
3.52575 56 
3.5258 56
3.5258 56 
3.52591 56
3.52591 56 
3.52659 56
3.52659 56 
3.5267 56
3.5267 56 
3.52733 56
3.52733 56 
3.52756 56
3.52756 56 
3.52758 56
3.52758 56 
3.52759 56
3.52759 56 
3.52771 56
3.52771 56 
3.52798 56
3.52798 56 
3.52813 56
3.52813 56 
3.52833 56
3.52833 56 
3.5288 56
3.5288 56 
3.52887 56
3.52887 56 
3.52916 56
3.52916 56 
3.52936 56
3.52936 56 
3.52986 56
3.52986 56 
3.53001 56
3.53001 56 
3.53057 56
3.53057 56 
3.53097 56
3.53097 56 
3.53208 56
3.53208 56 
3.53247 56
3.53247 56 
3.53371 56
3.53371 56 
3.53382 56
3.53382 56 
3.53409 56
3.53409 56 
3.53463 56
3.53463 56 
3.53498 56
3.53498 56 
3.53502 56
3.53502 56 
3.53511 56
3.53511 56 
3.53518 56
3.53518 56 
3.53584 56
3.53584 56 
3.53624 56
3.53624 56 
3.53695 56
3.53695 56 
3.5383 56
3.5383 56 
3.53863 56
3.53863 56 
3.53929 56
3.53929 56 
3.53948 56
3.53948 56 
3.54 56
3.54 57 
3.54036 57
3.54036 57 
3.54051 57
3.54051 57 
3.54061 57
3.54061 57 
3.54096 57
3.54096 57 
3.54219 57
3.54219 57 
3.5426 57
3.5426 57 
3.54331 57
3.54331 57 
3.54515 57
3.54515 57 
3.54534 57
3.54534 57 
3.5455 57
3.5455 57 
3.54595 57
3.54595 57 
3.54597 57
3.54597 57 
3.54708 57
3.54708 57 
3.54752 57
3.54752 57 
3.54778 57
3.54778 57 
3.54794 57
3.54794 57 
3.54809 57
3.54809 57 
3.54896 57
3.54896 57 
3.54919 57
3.54919 57 
3.54979 57
3.54979 57 
3.55023 57
3.55023 57 
3.55217 57
3.55217 57 
3.55235 57
3.55235 57 
3.55275 57
3.55275 57 
3.55414 57
3.55414 57 
3.55418 57
3.55418 57 
3.55434 57
3.55434 57 
3.55452 57
3.55452 57 
3.55484 57
3.55484 57 
3.55524 57
3.55524 57 
3.5553 57
3.5553 57 
3.5554 57
3.5554 57 
3.55541 57
3.55541 57 
3.55593 57
3.55593 57 
3.55596 57
3.55596 57 
3.55679 57
3.55679 57 
3.55779 57
3.55779 57 
3.55834 57
3.55834 57 
3.55878 57
3.55878 57 
3.55979 57
3.55979 57 
3.56029 57
3.56029 57 
3.56108 57
3.56108 57 
3.56177 57
3.56177 57 
3.56191 57
3.56191 57 
3.562 57
3.562 57 
3.56268 57
3.56268 57 
3.56392 57
3.56392 57 
3.56412 57
3.56412 57 
3.56443 57
3.56443 57 
3.56486 57
3.56486 57 
3.56668 57
3.56668 57 
3.56689 57
3.56689 57 
3.56797 57
3.56797 57 
3.56854 57
3.56854 57 
3.56869 57
3.56869 57 
3.5693 57
3.5693 57 
3.57019 57
3.57019 57 
3.57027 57
3.57027 57 
3.57105 57
3.57105 57 
3.5713 57
3.5713 57 
3.57168 57
3.57168 57 
3.57215 57
3.57215 57 
3.5722 57
3.5722 57 
3.57234 57
3.57234 57 
3.5726 57
3.5726 57 
3.57283 57
3.57283 57 
3.57297 57
3.57297 57 
3.57297 57
3.57297 57 
3.57329 57
3.57329 57 
3.57378 57
3.57378 57 
3.57382 57
3.57382 57 
3.57412 57
3.57412 57 
3.57436 57
3.57436 57 
3.57523 57
3.57523 57 
3.57559 57
3.57559 57 
3.57628 57
3.57628 57 
3.57657 57
3.57657 57 
3.57688 57
3.57688 57 
3.57707 57
3.57707 57 
3.57719 57
3.57719 57 
3.57737 57
3.57737 57 
3.57745 57
3.57745 57 
3.57768 57
3.57768 57 
3.57796 57
3.57796 57 
3.57812 57
3.57812 57 
3.57893 57
3.57893 57 
3.57908 57
3.57908 57 
3.57956 57
3.57956 57 
3.58066 57
3.58066 57 
3.58071 57
3.58071 57 
3.58073 57
3.58073 57 
3.58134 57
3.58134 57 
3.58143 57
3.58143 57 
3.58171 57
3.58171 57 
3.58186 57
3.58186 57 
3.58209 57
3.58209 57 
3.58219 57
3.58219 57 
3.5834 57
3.5834 57 
3.58542 57
3.58542 57 
3.58583 57
3.58583 57 
3.58622 57
3.58622 57 
3.58641 57
3.58641 57 
3.58685 57
3.58685 57 
3.58692 57
3.58692 57 
3.58703 57
3.58703 57 
3.58717 57
3.58717 57 
3.58766 57
3.58766 57 
3.58911 57
3.58911 57 
3.58951 57
3.58951 57 
3.58987 57
3.58987 57 
3.59023 57
3.59023 57 
3.59037 57
3.59037 57 
3.59049 57
3.59049 57 
3.59056 57
3.59056 57 
3.59058 57
3.59058 57 
3.59095 57
3.59095 57 
3.59222 57
3.59222 57 
3.59281 57
3.59281 57 
3.59309 57
3.59309 57 
3.59312 57
3.59312 57 
3.59435 57
3.59435 57 
3.59448 57
3.59448 57 
3.59475 57
3.59475 57 
3.59488 57
3.59488 57 
3.59497 57
3.59497 57 
3.59513 57
3.59513 57 
3.59549 57
3.59549 57 
3.59615 57
3.59615 57 
3.59622 57
3.59622 57 
3.59756 57
3.59756 57 
3.59818 57
3.59818 57 
3.5988 57
3.5988 57 
3.59937 57
3.59937 57 
3.59965 57
3.59965 57 
3.6 57
3.6 57 
3.60014 57
3.60014 57 
3.6005 57
3.6005 57 
3.60092 57
3.60092 57 
3.60185 57
3.60185 57 
3.60187 57
3.60187 57 
3.60217 57
3.60217 57 
3.60334 57
3.60334 58 
3.60393 58
3.60393 58 
3.60398 58
3.60398 58 
3.60442 58
3.60442 58 
3.60529 58
3.60529 58 
3.60538 58
3.60538 58 
3.60554 58
3.60554 58 
3.60585 58
3.60585 58 
3.60642 58
3.60642 58 
3.60749 58
3.60749 58 
3.60759 58
3.60759 58 
3.60825 58
3.60825 58 
3.60829 58
3.60829 58 
3.6088 58
3.6088 58 
3.60888 58
3.60888 58 
3.6093 58
3.6093 58 
3.6097 58
3.6097 58 
3.60986 58
3.60986 58 
3.60993 58
3.60993 58 
3.61008 58
3.61008 58 
3.61011 58
3.61011 58 
3.61029 58
3.61029 58 
3.61187 58
3.61187 58 
3.61342 58
3.61342 58 
3.61345 58
3.61345 58 
3.61425 58
3.61425 58 
3.61471 58
3.61471 58 
3.61537 58
3.61537 58 
3.61637 58
3.61637 58 
3.61657 58
3.61657 58 
3.61796 58
3.61796 58 
3.61885 58
3.61885 58 
3.61903 58
3.61903 58 
3.6191 58
3.6191 58 
3.61924 58
3.61924 58 
3.61954 58
3.61954 58 
3.61974 58
3.61974 58 
3.62034 58
3.62034 58 
3.62067 58
3.62067 58 
3.62131 58
3.62131 58 
3.6216 58
3.6216 58 
3.62256 58
3.62256 58 
3.6232 58
3.6232 58 
3.62337 58
3.62337 58 
3.62371 58
3.62371 58 
3.62374 58
3.62374 58 
3.62392 58
3.62392 58 
3.62412 58
3.62412 58 
3.62414 58
3.62414 58 
3.62578 58
3.62578 58 
3.62646 58
3.62646 58 
3.62678 58
3.62678 58 
3.62874 58
3.62874 58 
3.63116 58
3.63116 58 
3.63146 58
3.63146 58 
3.63204 58
3.63204 58 
3.63216 58
3.63216 58 
3.63263 58
3.63263 58 
3.63265 58
3.63265 58 
3.63267 58
3.63267 58 
3.63311 58
3.63311 58 
3.63355 58
3.63355 58 
3.63355 58
3.63355 58 
3.6338 58
3.6338 58 
3.63479 58
3.63479 58 
3.63531 58
3.63531 58 
3.6356 58
3.6356 58 
3.63578 58
3.63578 58 
3.63587 58
3.63587 58 
3.63592 58
3.63592 58 
3.63622 58
3.63622 58 
3.63631 58
3.63631 58 
3.63674 58
3.63674 58 
3.63803 58
3.63803 58 
3.63828 58
3.63828 58 
3.6386 58
3.6386 58 
3.63914 58
3.63914 58 
3.63949 58
3.63949 58 
3.6395 58
3.6395 58 
3.64086 58
3.64086 58 
3.64089 58
3.64089 58 
3.64146 58
3.64146 58 
3.64159 58
3.64159 58 
3.64163 58
3.64163 58 
3.6419 58
3.6419 58 
3.64209 58
3.64209 58 
3.6425 58
3.6425 58 
3.64268 58
3.64268 58 
3.64388 58
3.64388 58 
3.64399 58
3.64399 58 
3.64464 58
3.64464 58 
3.64479 58
3.64479 58 
3.64531 58
3.64531 58 
3.64557 58
3.64557 58 
3.64564 58
3.64564 58 
3.64592 58
3.64592 58 
3.64633 58
3.64633 58 
3.64747 58
3.64747 58 
3.6479 58
3.6479 58 
3.64824 58
3.64824 58 
3.64911 58
3.64911 58 
3.6494 58
3.6494 58 
3.64968 58
3.64968 58 
3.65 58
3.65 58 
3.65002 58
3.65002 58 
3.65073 58
3.65073 58 
3.6519 58
3.6519 58 
3.652 58
3.652 58 
3.65307 58
3.65307 58 
3.65388 58
3.65388 58 
3.65391 58
3.65391 58 
3.65445 58
3.65445 58 
3.65464 58
3.65464 58 
3.65493 58
3.65493 58 
3.65553 58
3.65553 58 
3.65578 58
3.65578 58 
3.65636 58
3.65636 58 
3.65845 58
3.65845 58 
3.65874 58
3.65874 58 
3.65917 58
3.65917 58 
3.66004 58
3.66004 58 
3.66016 58
3.66016 58 
3.66017 58
3.66017 58 
3.66063 58
3.66063 58 
3.66102 58
3.66102 58 
3.66114 58
3.66114 58 
3.66216 58
3.66216 58 
3.663 58
3.663 58 
3.66386 58
3.66386 58 
3.66426 58
3.66426 58 
3.66427 58
3.66427 58 
3.66486 58
3.66486 58 
3.66509 58
3.66509 58 
3.6651 58
3.6651 58 
3.6654 58
3.6654 58 
3.66594 58
3.66594 58 
3.66612 58
3.66612 58 
3.66664 58
3.66664 58 
3.66687 58
3.66687 58 
3.66687 58
3.66687 58 
3.66706 58
3.66706 58 
3.66796 58
3.66796 58 
3.66889 58
3.66889 58 
3.66899 58
3.66899 58 
3.66944 58
3.66944 58 
3.66988 58
3.66988 58 
3.67022 58
3.67022 58 
3.67027 58
3.67027 58 
3.67047 58
3.67047 58 
3.67146 58
3.67146 58 
3.6719 58
3.6719 58 
3.67251 58
3.67251 58 
3.67304 58
3.67304 58 
3.6732 58
3.6732 58 
3.67347 58
3.67347 58 
3.67454 58
3.67454 58 
3.67455 58
3.67455 58 
3.67485 58
3.67485 58 
3.67528 58
3.67528 58 
3.67572 58
3.67572 58 
3.6767 58
3.6767 58 
3.67771 58
3.67771 58 
3.67834 58
3.67834 58 
3.67894 58
3.67894 58 
3.67987 58
3.67987 58 
3.68024 58
3.68024 58 
3.68089 58
3.68089 58 
3.68092 58
3.68092 58 
3.68097 58
3.68097 58 
3.6813 58
3.6813 58 
3.68165 58
3.68165 58 
3.68242 58
3.68242 58 
3.68277 58
3.68277 58 
3.68316 58
3.68316 58 
3.68355 58
3.68355 58 
3.68426 58
3.68426 58 
3.68429 58
3.68429 58 
3.68529 58
3.68529 58 
3.68572 58
3.68572 58 
3.6864 58
3.6864 58 
3.68752 58
3.68752 58 
3.68759 58
3.68759 58 
3.68783 58
3.68783 58 
3.68808 58
3.68808 58 
3.68877 58
3.68877 58 
3.68972 58
3.68972 58 
3.69008 58
3.69008 58 
3.69011 58
3.69011 58 
3.69062 58
3.69062 58 
3.69098 58
3.69098 58 
3.69145 58
3.69145 58 
3.69182 58
3.69182 58 
3.69192 58
3.69192 58 
3.69209 58
3.69209 58 
3.69212 58
3.69212 58 
3.69221 58
3.69221 59 
3.69379 59
3.69379 59 
3.69443 59
3.69443 59 
3.69448 59
3.69448 59 
3.69457 59
3.69457 59 
3.69475 59
3.69475 59 
3.69516 59
3.69516 59 
3.69548 59
3.69548 59 
3.69552 59
3.69552 59 
3.69568 59
3.69568 59 
3.69572 59
3.69572 59 
3.69592 59
3.69592 59 
3.6967 59
3.6967 59 
3.69746 59
3.69746 59 
3.69782 59
3.69782 59 
3.69852 59
3.69852 59 
3.69918 59
3.69918 59 
3.69972 59
3.69972 59 
3.69982 59
3.69982 59 
3.70094 59
3.70094 59 
3.70101 59
3.70101 59 
3.70167 59
3.70167 59 
3.70301 59
3.70301 59 
3.70354 59
3.70354 59 
3.70382 59
3.70382 59 
3.70439 59
3.70439 59 
3.70501 59
3.70501 59 
3.70509 59
3.70509 59 
3.7052 59
3.7052 59 
3.70535 59
3.70535 59 
3.70536 59
3.70536 59 
3.70541 59
3.70541 59 
3.70589 59
3.70589 59 
3.70609 59
3.70609 59 
3.70633 59
3.70633 59 
3.70735 59
3.70735 59 
3.70795 59
3.70795 59 
3.70845 59
3.70845 59 
3.70848 59
3.70848 59 
3.70867 59
3.70867 59 
3.70938 59
3.70938 59 
3.71001 59
3.71001 59 
3.71001 59
3.71001 59 
3.71039 59
3.71039 59 
3.71047 59
3.71047 59 
3.71087 59
3.71087 59 
3.71194 59
3.71194 59 
3.71309 59
3.71309 59 
3.71312 59
3.71312 59 
3.71335 59
3.71335 59 
3.71348 59
3.71348 59 
3.71374 59
3.71374 59 
3.71387 59
3.71387 59 
3.71568 59
3.71568 59 
3.71587 59
3.71587 59 
3.71664 59
3.71664 59 
3.71676 59
3.71676 59 
3.71782 59
3.71782 59 
3.71853 59
3.71853 59 
3.71879 59
3.71879 59 
3.71889 59
3.71889 59 
3.71895 59
3.71895 59 
3.71911 59
3.71911 59 
3.71936 59
3.71936 59 
3.71942 59
3.71942 59 
3.7198 59
3.7198 59 
3.72074 59
3.72074 59 
3.72081 59
3.72081 59 
3.72171 59
3.72171 59 
3.72249 59
3.72249 59 
3.72253 59
3.72253 59 
3.72299 59
3.72299 59 
3.72303 59
3.72303 59 
3.72322 59
3.72322 59 
3.72362 59
3.72362 59 
3.72401 59
3.72401 59 
3.72429 59
3.72429 59 
3.72434 59
3.72434 59 
3.72441 59
3.72441 59 
3.72514 59
3.72514 59 
3.72527 59
3.72527 59 
3.72558 59
3.72558 59 
3.72635 59
3.72635 59 
3.72662 59
3.72662 59 
3.72708 59
3.72708 59 
3.7272 59
3.7272 59 
3.72733 59
3.72733 59 
3.72771 59
3.72771 59 
3.72803 59
3.72803 59 
3.72816 59
3.72816 59 
3.72848 59
3.72848 59 
3.72901 59
3.72901 59 
3.72902 59
3.72902 59 
3.72903 59
3.72903 59 
3.72904 59
3.72904 59 
3.72948 59
3.72948 59 
3.72958 59
3.72958 59 
3.72988 59
3.72988 59 
3.73005 59
3.73005 59 
3.73015 59
3.73015 59 
3.7303 59
3.7303 59 
3.73031 59
3.73031 59 
3.7308 59
3.7308 59 
3.73089 59
3.73089 59 
3.73099 59
3.73099 59 
3.73124 59
3.73124 59 
3.73131 59
3.73131 59 
3.73231 59
3.73231 59 
3.73254 59
3.73254 59 
3.73265 59
3.73265 59 
3.73266 59
3.73266 59 
3.73297 59
3.73297 59 
3.73345 59
3.73345 59 
3.73372 59
3.73372 59 
3.73372 59
3.73372 59 
3.73476 59
3.73476 59 
3.73526 59
3.73526 59 
3.73529 59
3.73529 59 
3.73549 59
3.73549 59 
3.73624 59
3.73624 59 
3.73631 59
3.73631 59 
3.73633 59
3.73633 59 
3.7366 59
3.7366 59 
3.73674 59
3.73674 59 
3.73707 59
3.73707 59 
3.73722 59
3.73722 59 
3.7379 59
3.7379 59 
3.73791 59
3.73791 59 
3.73811 59
3.73811 59 
3.73817 59
3.73817 59 
3.73825 59
3.73825 59 
3.73855 59
3.73855 59 
3.73919 59
3.73919 59 
3.73971 59
3.73971 59 
3.7399 59
3.7399 60 
3.74021 60
3.74021 60 
3.74036 60
3.74036 60 
3.74141 60
3.74141 60 
3.74228 60
3.74228 60 
3.74307 60
3.74307 60 
3.74313 60
3.74313 60 
3.74331 60
3.74331 60 
3.74347 60
3.74347 60 
3.74402 60
3.74402 60 
3.7441 60
3.7441 60 
3.74445 60
3.74445 60 
3.74464 60
3.74464 60 
3.74508 60
3.74508 60 
3.74508 60
3.74508 60 
3.74517 60
3.74517 60 
3.74562 60
3.74562 60 
3.74572 60
3.74572 60 
3.74618 60
3.74618 60 
3.74625 60
3.74625 60 
3.74685 60
3.74685 60 
3.74712 60
3.74712 60 
3.74717 60
3.74717 60 
3.74758 60
3.74758 60 
3.7479 60
3.7479 60 
3.74876 60
3.74876 60 
3.74978 60
3.74978 60 
3.74995 60
3.74995 60 
3.7507 60
3.7507 60 
3.75076 60
3.75076 60 
3.75085 60
3.75085 60 
3.75087 60
3.75087 60 
3.75134 60
3.75134 60 
3.75212 60
3.75212 60 
3.75251 60
3.75251 60 
3.75254 60
3.75254 60 
3.75256 60
3.75256 60 
3.75261 60
3.75261 60 
3.75295 60
3.75295 60 
3.7531 60
3.7531 60 
3.75339 60
3.75339 60 
3.75394 60
3.75394 60 
3.75434 60
3.75434 60 
3.75437 60
3.75437 60 
3.75496 60
3.75496 60 
3.75576 60
3.75576 60 
3.75604 60
3.75604 60 
3.75658 60
3.75658 60 
3.75691 60
3.75691 60 
3.75718 60
3.75718 60 
3.7573 60
3.7573 60 
3.75748 60
3.75748 60 
3.75775 60
3.75775 60 
3.75775 60
3.75775 60 
3.75799 60
3.75799 60 
3.75838 60
3.75838 60 
3.75844 60
3.75844 60 
3.75846 60
3.75846 60 
3.75858 60
3.75858 60 
3.75896 60
3.75896 60 
3.75912 60
3.75912 60 
3.75919 60
3.75919 60 
3.75947 60
3.75947 60 
3.75985 60
3.75985 60 
3.76054 60
3.76054 60 
3.76077 60
3.76077 60 
3.76168 60
3.76168 60 
3.76238 60
3.76238 60 
3.76265 60
3.76265 60 
3.76287 60
3.76287 60 
3.76377 60
3.76377 60 
3.76422 60
3.76422 60 
3.76448 60
3.76448 60 
3.76465 60
3.76465 60 
3.76474 60
3.76474 60 
3.76514 60
3.76514 60 
3.76593 60
3.76593 60 
3.76635 60
3.76635 60 
3.76707 60
3.76707 60 
3.76743 60
3.76743 60 
3.76764 60
3.76764 60 
3.7679 60
3.7679 60 
3.76858 60
3.76858 60 
3.76865 60
3.76865 60 
3.76887 60
3.76887 60 
3.76944 60
3.76944 60 
3.76949 60
3.76949 60 
3.76993 60
3.76993 60 
3.77015 60
3.77015 60 
3.77054 60
3.77054 60 
3.77171 60
3.77171 60 
3.77196 60
3.77196 60 
3.77224 60
3.77224 60 
3.77239 60
3.77239 60 
3.7729 60
3.7729 60 
3.77321 60
3.77321 60 
3.77324 60
3.77324 60 
3.77359 60
3.77359 60 
3.7744 60
3.7744 60 
3.77494 60
3.77494 60 
3.77528 60
3.77528 60 
3.77536 60
3.77536 60 
3.77555 60
3.77555 60 
3.77565 60
3.77565 60 
3.77607 60
3.77607 60 
3.77624 60
3.77624 60 
3.77697 60
3.77697 60 
3.77703 60
3.77703 60 
3.77732 60
3.77732 60 
3.77842 60
3.77842 60 
3.77902 60
3.77902 60 
3.77969 60
3.77969 60 
3.77979 60
3.77979 60 
3.78032 60
3.78032 60 
3.78085 60
3.78085 60 
3.78109 60
3.78109 60 
3.78207 60
3.78207 60 
3.78226 60
3.78226 60 
3.78239 60
3.78239 60 
3.78258 60
3.78258 60 
3.78308 60
3.78308 60 
3.78344 60
3.78344 60 
3.78361 60
3.78361 60 
3.78371 60
3.78371 60 
3.78408 60
3.78408 60 
3.78461 60
3.78461 60 
3.78467 60
3.78467 60 
3.78582 60
3.78582 60 
3.78599 60
3.78599 60 
3.78604 60
3.78604 60 
3.78609 60
3.78609 60 
3.78696 60
3.78696 60 
3.78735 60
3.78735 60 
3.78736 60
3.78736 60 
3.7879 60
3.7879 60 
3.7882 60
3.7882 60 
3.78858 60
3.78858 60 
3.78867 60
3.78867 60 
3.78928 60
3.78928 60 
3.78935 60
3.78935 60 
3.78942 60
3.78942 60 
3.78975 60
3.78975 60 
3.78993 60
3.78993 60 
3.78999 60
3.78999 60 
3.7902 60
3.7902 60 
3.79027 60
3.79027 60 
3.79096 60
3.79096 60 
3.79142 60
3.79142 60 
3.79194 60
3.79194 60 
3.79273 60
3.79273 60 
3.79337 60
3.79337 60 
3.79404 60
3.79404 60 
3.79453 60
3.79453 60 
3.79504 60
3.79504 60 
3.79515 60
3.79515 60 
3.79551 60
3.79551 60 
3.79607 60
3.79607 60 
3.79627 60
3.79627 60 
3.79659 60
3.79659 60 
3.79663 60
3.79663 60 
3.79712 60
3.79712 60 
3.7982 60
3.7982 60 
3.79821 60
3.79821 60 
3.79828 60
3.79828 60 
3.7991 60
3.7991 60 
3.79924 60
3.79924 61 
3.79972 61
3.79972 61 
3.79985 61
3.79985 61 
3.79998 61
3.79998 61 
3.80094 61
3.80094 61 
3.80111 61
3.80111 61 
3.80161 61
3.80161 61 
3.80174 61
3.80174 61 
3.80251 61
3.80251 61 
3.80267 61
3.80267 61 
3.80284 61
3.80284 61 
3.80363 61
3.80363 61 
3.8038 61
3.8038 61 
3.80392 61
3.80392 61 
3.80414 61
3.80414 61 
3.80526 61
3.80526 61 
3.80527 61
3.80527 61 
3.80543 61
3.80543 61 
3.80629 61
3.80629 61 
3.80646 61
3.80646 61 
3.80718 61
3.80718 61 
3.8077 61
3.8077 61 
3.808 61
3.808 61 
3.80811 61
3.80811 61 
3.80817 61
3.80817 61 
3.80843 61
3.80843 61 
3.80859 61
3.80859 61 
3.80864 61
3.80864 61 
3.80924 61
3.80924 61 
3.80948 61
3.80948 61 
3.80956 61
3.80956 61 
3.80972 61
3.80972 61 
3.80989 61
3.80989 61 
3.81016 61
3.81016 61 
3.81023 61
3.81023 61 
3.81048 61
3.81048 61 
3.81053 61
3.81053 61 
3.81089 61
3.81089 61 
3.81096 61
3.81096 61 
3.811 61
3.811 61 
3.811 61
3.811 61 
3.81115 61
3.81115 61 
3.8113 61
3.8113 61 
3.81142 61
3.81142 61 
3.81194 61
3.81194 61 
3.81229 61
3.81229 61 
3.81336 61
3.81336 61 
3.81353 61
3.81353 61 
3.81384 61
3.81384 61 
3.81463 61
3.81463 61 
3.81471 61
3.81471 61 
3.81485 61
3.81485 61 
3.81489 61
3.81489 61 
3.81529 61
3.81529 61 
3.81652 61
3.81652 61 
3.81652 61
3.81652 61 
3.81744 61
3.81744 61 
3.81809 61
3.81809 61 
3.81817 61
3.81817 61 
3.81836 61
3.81836 61 
3.81872 61
3.81872 61 
3.81899 61
3.81899 61 
3.8191 61
3.8191 61 
3.81961 61
3.81961 61 
3.81988 61
3.81988 61 
3.81991 61
3.81991 61 
3.82006 61
3.82006 62 
3.82112 62
3.82112 62 
3.82124 62
3.82124 62 
3.82213 62
3.82213 62 
3.82256 62
3.82256 62 
3.82289 62
3.82289 62 
3.8229 62
3.8229 62 
3.8233 62
3.8233 62 
3.82358 62
3.82358 62 
3.82374 62
3.82374 62 
3.82374 62
3.82374 62 
3.82396 62
3.82396 62 
3.82405 62
3.82405 62 
3.82409 62
3.82409 62 
3.82412 62
3.82412 62 
3.82417 62
3.82417 62 
3.82442 62
3.82442 62 
3.82444 62
3.82444 62 
3.82444 62
3.82444 62 
3.82449 62
3.82449 62 
3.82468 62
3.82468 62 
3.82507 62
3.82507 62 
3.82559 62
3.82559 62 
3.82566 62
3.82566 62 
3.82582 62
3.82582 62 
3.82621 62
3.82621 62 
3.82649 62
3.82649 62 
3.82655 62
3.82655 62 
3.82719 62
3.82719 62 
3.82823 62
3.82823 62 
3.82829 62
3.82829 62 
3.8285 62
3.8285 62 
3.82857 62
3.82857 62 
3.82908 62
3.82908 62 
3.8293 62
3.8293 62 
3.82959 62
3.82959 62 
3.8304 62
3.8304 62 
3.83137 62
3.83137 62 
3.83236 62
3.83236 62 
3.83256 62
3.83256 62 
3.83278 62
3.83278 62 
3.83279 62
3.83279 62 
3.83346 62
3.83346 62 
3.83372 62
3.83372 62 
3.83373 62
3.83373 62 
3.83406 62
3.83406 62 
3.83421 62
3.83421 62 
3.83483 62
3.83483 62 
3.83526 62
3.83526 62 
3.83528 62
3.83528 62 
3.83529 62
3.83529 62 
3.83574 62
3.83574 62 
3.83615 62
3.83615 62 
3.83619 62
3.83619 62 
3.83671 62
3.83671 62 
3.8371 62
3.8371 62 
3.83722 62
3.83722 62 
3.83767 62
3.83767 62 
3.83838 62
3.83838 62 
3.83861 62
3.83861 62 
3.83885 62
3.83885 62 
3.83889 62
3.83889 62 
3.83927 62
3.83927 62 
3.8394 62
3.8394 62 
3.83949 62
3.83949 62 
3.84032 62
3.84032 62 
3.84036 62
3.84036 62 
3.84071 62
3.84071 62 
3.84113 62
3.84113 62 
3.84132 62
3.84132 62 
3.84146 62
3.84146 62 
3.84154 62
3.84154 62 
3.84165 62
3.84165 62 
3.84191 62
3.84191 62 
3.84337 62
3.84337 62 
3.84459 62
3.84459 62 
3.84463 62
3.84463 62 
3.84478 62
3.84478 62 
3.84484 62
3.84484 62 
3.84494 62
3.84494 62 
3.84646 62
3.84646 62 
3.84662 62
3.84662 62 
3.84663 62
3.84663 62 
3.84664 62
3.84664 62 
3.84685 62
3.84685 62 
3.84765 62
3.84765 62 
3.8479 62
3.8479 62 
3.84804 62
3.84804 62 
3.84823 62
3.84823 62 
3.84871 62
3.84871 62 
3.84877 62
3.84877 62 
3.849 62
3.849 62 
3.84925 62
3.84925 62 
3.84927 62
3.84927 62 
3.85089 62
3.85089 62 
3.85093 62
3.85093 62 
3.8511 62
3.8511 62 
3.85191 62
3.85191 62 
3.85212 62
3.85212 62 
3.85247 62
3.85247 62 
3.85277 62
3.85277 62 
3.85283 62
3.85283 62 
3.85305 62
3.85305 62 
3.85315 62
3.85315 62 
3.85374 62
3.85374 62 
3.85408 62
3.85408 62 
3.85457 62
3.85457 62 
3.85547 62
3.85547 62 
3.85576 62
3.85576 62 
3.85688 62
3.85688 62 
3.85714 62
3.85714 62 
3.8576 62
3.8576 62 
3.85773 62
3.85773 62 
3.85786 62
3.85786 62 
3.85793 62
3.85793 62 
3.85794 62
3.85794 62 
3.85809 62
3.85809 62 
3.85821 62
3.85821 62 
3.85923 62
3.85923 62 
3.85937 62
3.85937 62 
3.85942 62
3.85942 62 
3.8596 62
3.8596 62 
3.85996 62
3.85996 62 
3.86004 62
3.86004 62 
3.86014 62
3.86014 62 
3.86039 62
3.86039 62 
3.86069 62
3.86069 62 
3.86103 62
3.86103 62 
3.86241 62
3.86241 62 
3.86256 62
3.86256 62 
3.86282 62
3.86282 62 
3.86292 62
3.86292 62 
3.86332 62
3.86332 62 
3.86356 62
3.86356 62 
3.86414 62
3.86414 62 
3.86446 62
3.86446 62 
3.86467 62
3.86467 62 
3.865 62
3.865 62 
3.86516 62
3.86516 62 
3.86523 62
3.86523 62 
3.86524 62
3.86524 62 
3.86623 62
3.86623 62 
3.86626 62
3.86626 62 
3.86639 62
3.86639 62 
3.8664 62
3.8664 62 
3.86653 62
3.86653 62 
3.86662 62
3.86662 62 
3.86683 62
3.86683 62 
3.86712 62
3.86712 62 
3.8675 62
3.8675 62 
3.86841 62
3.86841 62 
3.86845 62
3.86845 62 
3.86853 62
3.86853 62 
3.86871 62
3.86871 62 
3.86874 62
3.86874 62 
3.86943 62
3.86943 62 
3.87031 62
3.87031 62 
3.87033 62
3.87033 62 
3.87033 62
3.87033 62 
3.8716 62
3.8716 62 
3.87169 62
3.87169 62 
3.87226 62
3.87226 62 
3.87229 62
3.87229 62 
3.87265 62
3.87265 62 
3.87266 62
3.87266 62 
3.8728 62
3.8728 62 
3.87284 62
3.87284 62 
3.87299 62
3.87299 62 
3.87307 62
3.87307 62 
3.87358 62
3.87358 62 
3.87434 62
3.87434 62 
3.87521 62
3.87521 62 
3.87566 62
3.87566 62 
3.87576 62
3.87576 62 
3.87581 62
3.87581 62 
3.87586 62
3.87586 62 
3.87607 62
3.87607 62 
3.87633 62
3.87633 62 
3.87643 62
3.87643 62 
3.87645 62
3.87645 62 
3.87713 62
3.87713 62 
3.87733 62
3.87733 62 
3.87743 62
3.87743 62 
3.87754 62
3.87754 62 
3.87813 62
3.87813 62 
3.87887 62
3.87887 62 
3.87906 62
3.87906 62 
3.8791 62
3.8791 62 
3.8797 62
3.8797 62 
3.88001 62
3.88001 62 
3.88014 62
3.88014 62 
3.88019 62
3.88019 62 
3.88049 62
3.88049 62 
3.88053 62
3.88053 62 
3.8808 62
3.8808 62 
3.88119 62
3.88119 62 
3.88149 62
3.88149 62 
3.88168 62
3.88168 62 
3.88171 62
3.88171 62 
3.88181 62
3.88181 62 
3.88215 62
3.88215 62 
3.88261 62
3.88261 62 
3.88296 62
3.88296 62 
3.88303 62
3.88303 62 
3.88308 62
3.88308 62 
3.88341 62
3.88341 62 
3.88395 62
3.88395 62 
3.88433 62
3.88433 62 
3.88624 62
3.88624 62 
3.88632 62
3.88632 62 
3.88666 62
3.88666 62 
3.88677 62
3.88677 62 
3.88691 62
3.88691 62 
3.88701 62
3.88701 62 
3.88742 62
3.88742 62 
3.88784 62
3.88784 62 
3.88836 62
3.88836 62 
3.88873 62
3.88873 62 
3.88951 62
3.88951 62 
3.88961 62
3.88961 62 
3.89009 62
3.89009 62 
3.89089 62
3.89089 62 
3.89098 62
3.89098 62 
3.89101 62
3.89101 62 
3.89108 62
3.89108 62 
3.89115 62
3.89115 62 
3.89158 62
3.89158 62 
3.89161 62
3.89161 62 
3.89191 62
3.89191 62 
3.89192 62
3.89192 62 
3.89205 62
3.89205 62 
3.89206 62
3.89206 62 
3.8934 62
3.8934 62 
3.89356 62
3.89356 62 
3.89378 62
3.89378 62 
3.89385 62
3.89385 62 
3.89388 62
3.89388 62 
3.89391 62
3.89391 62 
3.8944 62
3.8944 62 
3.89457 62
3.89457 62 
3.89508 62
3.89508 62 
3.89537 62
3.89537 62 
3.89547 62
3.89547 62 
3.89549 62
3.89549 62 
3.89556 62
3.89556 62 
3.89641 62
3.89641 62 
3.89648 62
3.89648 62 
3.89658 62
3.89658 62 
3.8973 62
3.8973 62 
3.89732 62
3.89732 62 
3.89738 62
3.89738 62 
3.8974 62
3.8974 62 
3.89787 62
3.89787 62 
3.89789 62
3.89789 62 
3.89801 62
3.89801 62 
3.8984 62
3.8984 62 
3.89849 62
3.89849 62 
3.89862 62
3.89862 62 
3.89872 62
3.89872 62 
3.89893 62
3.89893 62 
3.89919 62
3.89919 62 
3.89957 62
3.89957 62 
3.8999 62
3.8999 62 
3.9 62
3.9 62 
3.90103 62
3.90103 62 
3.90126 62
3.90126 62 
3.90269 62
3.90269 62 
3.90304 62
3.90304 62 
3.90314 62
3.90314 62 
3.90391 62
3.90391 62 
3.9044 62
3.9044 62 
3.90488 62
3.90488 62 
3.90513 62
3.90513 62 
3.90543 62
3.90543 62 
3.90561 62
3.90561 62 
3.90573 62
3.90573 62 
3.90576 62
3.90576 62 
3.90588 62
3.90588 62 
3.90615 62
3.90615 62 
3.90625 62
3.90625 62 
3.90633 62
3.90633 62 
3.90669 62
3.90669 62 
3.90689 62
3.90689 62 
3.90693 62
3.90693 62 
3.90694 62
3.90694 62 
3.9071 62
3.9071 62 
3.90771 62
3.90771 62 
3.9082 62
3.9082 62 
3.9083 62
3.9083 62 
3.90862 62
3.90862 62 
3.90917 62
3.90917 62 
3.90929 62
3.90929 62 
3.90937 62
3.90937 62 
3.90938 62
3.90938 62 
3.90941 62
3.90941 62 
3.9098 62
3.9098 63 
3.91004 63
3.91004 63 
3.91067 63
3.91067 63 
3.91089 63
3.91089 63 
3.9118 63
3.9118 63 
3.91192 63
3.91192 63 
3.91216 63
3.91216 63 
3.91227 63
3.91227 63 
3.91258 63
3.91258 63 
3.91306 63
3.91306 63 
3.91312 63
3.91312 63 
3.9138 63
3.9138 63 
3.9138 63
3.9138 63 
3.91397 63
3.91397 63 
3.91398 63
3.91398 63 
3.91444 63
3.91444 63 
3.91472 63
3.91472 63 
3.91496 63
3.91496 63 
3.91503 63
3.91503 63 
3.91508 63
3.91508 63 
3.91518 63
3.91518 63 
3.91529 63
3.91529 63 
3.91542 63
3.91542 63 
3.91545 63
3.91545 63 
3.91557 63
3.91557 63 
3.91587 63
3.91587 63 
3.91611 63
3.91611 63 
3.91616 63
3.91616 63 
3.91627 63
3.91627 63 
3.91637 63
3.91637 63 
3.91659 63
3.91659 63 
3.91662 63
3.91662 63 
3.91689 63
3.91689 63 
3.91705 63
3.91705 63 
3.91715 63
3.91715 63 
3.91734 63
3.91734 63 
3.91742 63
3.91742 63 
3.91784 63
3.91784 63 
3.91815 63
3.91815 63 
3.91821 63
3.91821 63 
3.91992 63
3.91992 63 
3.92043 63
3.92043 63 
3.92088 63
3.92088 63 
3.92134 63
3.92134 63 
3.92154 63
3.92154 63 
3.92155 63
3.92155 63 
3.92266 63
3.92266 63 
3.92299 63
3.92299 63 
3.92317 63
3.92317 63 
3.92341 63
3.92341 63 
3.92363 63
3.92363 63 
3.92414 63
3.92414 63 
3.92419 63
3.92419 63 
3.92429 63
3.92429 63 
3.92463 63
3.92463 63 
3.92484 63
3.92484 63 
3.92564 63
3.92564 63 
3.92599 63
3.92599 63 
3.92621 63
3.92621 63 
3.92644 63
3.92644 63 
3.92665 63
3.92665 63 
3.9269 63
3.9269 63 
3.92719 63
3.92719 63 
3.92795 63
3.92795 63 
3.92811 63
3.92811 63 
3.92844 63
3.92844 63 
3.92856 63
3.92856 63 
3.92875 63
3.92875 63 
3.9292 63
3.9292 63 
3.92941 63
3.92941 63 
3.92965 63
3.92965 63 
3.92966 63
3.92966 63 
3.92985 63
3.92985 63 
3.92997 63
3.92997 63 
3.92998 63
3.92998 63 
3.9301 63
3.9301 63 
3.93037 63
3.93037 63 
3.93088 63
3.93088 63 
3.93126 63
3.93126 63 
3.93139 63
3.93139 63 
3.93244 63
3.93244 63 
3.93369 63
3.93369 63 
3.93398 63
3.93398 63 
3.93416 63
3.93416 63 
3.93479 63
3.93479 63 
3.93491 63
3.93491 63 
3.93517 63
3.93517 63 
3.93582 63
3.93582 63 
3.93587 63
3.93587 63 
3.93589 63
3.93589 63 
3.93681 63
3.93681 63 
3.93696 63
3.93696 63 
3.93699 63
3.93699 63 
3.93707 63
3.93707 63 
3.93728 63
3.93728 63 
3.93739 63
3.93739 63 
3.9374 63
3.9374 63 
3.93758 63
3.93758 63 
3.93801 63
3.93801 63 
3.93823 63
3.93823 63 
3.93825 63
3.93825 63 
3.93844 63
3.93844 63 
3.93844 63
3.93844 63 
3.93871 63
3.93871 63 
3.93871 63
3.93871 63 
3.93883 63
3.93883 63 
3.93885 63
3.93885 63 
3.93917 63
3.93917 63 
3.9396 63
3.9396 63 
3.93964 63
3.93964 63 
3.93974 63
3.93974 63 
3.94016 63
3.94016 63 
3.94053 63
3.94053 63 
3.94065 63
3.94065 63 
3.94065 63
3.94065 63 
3.9411 63
3.9411 63 
3.94114 63
3.94114 63 
3.94148 63
3.94148 63 
3.94171 63
3.94171 63 
3.94265 63
3.94265 63 
3.94267 63
3.94267 63 
3.94269 63
3.94269 63 
3.94322 63
3.94322 63 
3.9433 63
3.9433 63 
3.94348 63
3.94348 63 
3.94381 63
3.94381 63 
3.94384 63
3.94384 63 
3.94389 63
3.94389 63 
3.94395 63
3.94395 63 
3.94416 63
3.94416 63 
3.94449 63
3.94449 63 
3.94457 63
3.94457 63 
3.94474 63
3.94474 63 
3.94488 63
3.94488 63 
3.9449 63
3.9449 63 
3.94495 63
3.94495 63 
3.94506 63
3.94506 63 
3.94564 63
3.94564 63 
3.94567 63
3.94567 63 
3.94639 63
3.94639 63 
3.94643 63
3.94643 63 
3.94648 63
3.94648 63 
3.94683 63
3.94683 63 
3.94686 63
3.94686 63 
3.94797 63
3.94797 63 
3.94831 63
3.94831 63 
3.94887 63
3.94887 63 
3.94891 63
3.94891 63 
3.94906 63
3.94906 63 
3.94974 63
3.94974 63 
3.9501 63
3.9501 63 
3.95044 63
3.95044 63 
3.95089 63
3.95089 63 
3.95106 63
3.95106 63 
3.95116 63
3.95116 63 
3.95158 63
3.95158 63 
3.95164 63
3.95164 63 
3.95223 63
3.95223 63 
3.95268 63
3.95268 63 
3.95281 63
3.95281 63 
3.95296 63
3.95296 63 
3.95326 63
3.95326 63 
3.95327 63
3.95327 63 
3.95349 63
3.95349 63 
3.95406 63
3.95406 63 
3.95409 63
3.95409 63 
3.95439 63
3.95439 63 
3.95451 63
3.95451 63 
3.95452 63
3.95452 63 
3.95453 63
3.95453 63 
3.95504 63
3.95504 63 
3.95543 63
3.95543 63 
3.95572 63
3.95572 63 
3.95604 63
3.95604 63 
3.95623 63
3.95623 63 
3.95768 63
3.95768 63 
3.95818 63
3.95818 63 
3.9582 63
3.9582 63 
3.95857 63
3.95857 63 
3.95898 63
3.95898 63 
3.95931 63
3.95931 63 
3.95936 63
3.95936 63 
3.96077 63
3.96077 63 
3.96118 63
3.96118 63 
3.96121 63
3.96121 63 
3.96199 63
3.96199 63 
3.96203 63
3.96203 63 
3.96207 63
3.96207 63 
3.96318 63
3.96318 63 
3.96327 63
3.96327 63 
3.96346 63
3.96346 63 
3.96363 63
3.96363 63 
3.96378 63
3.96378 63 
3.96386 63
3.96386 63 
3.96391 63
3.96391 63 
3.96437 63
3.96437 63 
3.96499 63
3.96499 63 
3.96502 63
3.96502 63 
3.96552 63
3.96552 63 
3.96624 63
3.96624 63 
3.96666 63
3.96666 63 
3.96669 63
3.96669 63 
3.96679 63
3.96679 63 
3.96694 63
3.96694 63 
3.96724 63
3.96724 63 
3.96758 63
3.96758 63 
3.96793 63
3.96793 63 
3.9682 63
3.9682 63 
3.96823 63
3.96823 63 
3.96841 63
3.96841 63 
3.96856 63
3.96856 63 
3.96879 63
3.96879 63 
3.9689 63
3.9689 63 
3.969 63
3.969 63 
3.96918 63
3.96918 63 
3.96925 63
3.96925 63 
3.96931 63
3.96931 63 
3.96988 63
3.96988 63 
3.9703 63
3.9703 63 
3.97037 63
3.97037 63 
3.97057 63
3.97057 63 
3.97086 63
3.97086 63 
3.97095 63
3.97095 63 
3.97096 63
3.97096 63 
3.97101 63
3.97101 63 
3.97101 63
3.97101 63 
3.97142 63
3.97142 63 
3.97143 63
3.97143 63 
3.97145 63
3.97145 63 
3.97172 63
3.97172 63 
3.97185 63
3.97185 63 
3.9719 63
3.9719 63 
3.972 63
3.972 63 
3.97251 63
3.97251 63 
3.973 63
3.973 63 
3.97345 63
3.97345 63 
3.97377 63
3.97377 63 
3.97395 63
3.97395 63 
3.974 63
3.974 63 
3.97434 63
3.97434 63 
3.9744 63
3.9744 63 
3.97444 63
3.97444 63 
3.97492 63
3.97492 63 
3.97515 63
3.97515 63 
3.97582 63
3.97582 63 
3.97607 63
3.97607 63 
3.97647 63
3.97647 63 
3.97693 63
3.97693 63 
3.97701 63
3.97701 63 
3.97758 63
3.97758 63 
3.97777 63
3.97777 63 
3.97876 63
3.97876 63 
3.97884 63
3.97884 63 
3.97891 63
3.97891 63 
3.97904 63
3.97904 63 
3.97905 63
3.97905 63 
3.9791 63
3.9791 63 
3.97944 63
3.97944 63 
3.98019 63
3.98019 63 
3.98028 63
3.98028 63 
3.98057 63
3.98057 63 
3.98072 63
3.98072 63 
3.98094 63
3.98094 63 
3.98107 63
3.98107 63 
3.98109 63
3.98109 63 
3.98172 63
3.98172 63 
3.98183 63
3.98183 63 
3.98212 63
3.98212 63 
3.98269 63
3.98269 63 
3.98273 63
3.98273 63 
3.98321 63
3.98321 63 
3.98388 63
3.98388 63 
3.98399 63
3.98399 63 
3.98414 63
3.98414 63 
3.98451 63
3.98451 63 
3.98461 63
3.98461 63 
3.98521 63
3.98521 63 
3.98553 63
3.98553 63 
3.98597 63
3.98597 63 
3.98615 63
3.98615 63 
3.98643 63
3.98643 63 
3.98656 63
3.98656 63 
3.98695 63
3.98695 63 
3.98738 63
3.98738 63 
3.98744 63
3.98744 63 
3.98818 63
3.98818 63 
3.98821 63
3.98821 63 
3.98832 63
3.98832 63 
3.98855 63
3.98855 63 
3.98907 63
3.98907 63 
3.98922 63
3.98922 63 
3.98924 63
3.98924 63 
3.98998 63
3.98998 63 
3.99125 63
3.99125 63 
3.99135 63
3.99135 63 
3.99185 63
3.99185 63 
3.99237 63
3.99237 63 
3.99254 63
3.99254 63 
3.99314 63
3.99314 63 
3.99391 63
3.99391 63 
3.99394 63
3.99394 63 
3.99408 63
3.99408 63 
3.99448 63
3.99448 63 
3.99459 63
3.99459 63 
3.99462 63
3.99462 63 
3.99469 63
3.99469 63 
3.99481 63
3.99481 63 
3.99489 63
3.99489 63 
3.996 63
3.996 63 
3.99651 63
3.99651 63 
3.99667 63
3.99667 63 
3.99667 63
3.99667 63 
3.99685 63
3.99685 63 
3.99695 63
3.99695 63 
3.99709 63
3.99709 63 
3.99737 63
3.99737 63 
3.99902 63
3.99902 63 
3.99907 63
3.99907 63 
3.99927 63
3.99927 63 
3.99933 63
3.99933 63 
3.99959 63
3.99959 63 
3.99985 63
3.99985 63 
4.00038 63
4.00038 63 
4.00058 63
4.00058 63 
4.00062 63
4.00062 63 
4.00099 63
4.00099 63 
4.0011 63
4.0011 63 
4.00138 63
4.00138 63 
4.00158 63
4.00158 63 
4.00187 63
4.00187 63 
4.00204 63
4.00204 63 
4.00219 63
4.00219 63 
4.00261 63
4.00261 63 
4.00281 63
4.00281 63 
4.00284 63
4.00284 63 
4.00296 63
4.00296 63 
4.00303 63
4.00303 63 
4.00305 63
4.00305 63 
4.00311 63
4.00311 63 
4.00372 63
4.00372 63 
4.00413 63
4.00413 63 
4.00438 63
4.00438 63 
4.00495 63
4.00495 63 
4.00509 63
4.00509 63 
4.00652 63
4.00652 63 
4.00652 63
4.00652 63 
4.00671 63
4.00671 63 
4.00754 63
4.00754 63 
4.00764 63
4.00764 63 
4.00782 63
4.00782 63 
4.00783 63
4.00783 63 
4.00797 63
4.00797 63 
4.00809 63
4.00809 63 
4.00846 63
4.00846 63 
4.00883 63
4.00883 63 
4.00909 63
4.00909 63 
4.00916 63
4.00916 63 
4.01001 63
4.01001 63 
4.01019 63
4.01019 63 
4.01082 63
4.01082 63 
4.01088 63
4.01088 63 
4.01105 63
4.01105 63 
4.01123 63
4.01123 63 
4.0114 63
4.0114 63 
4.01144 63
4.01144 63 
4.01232 63
4.01232 63 
4.01233 63
4.01233 63 
4.01268 63
4.01268 63 
4.01286 63
4.01286 63 
4.01326 63
4.01326 63 
4.01336 63
4.01336 63 
4.01344 63
4.01344 63 
4.01352 63
4.01352 63 
4.01359 63
4.01359 63 
4.01399 63
4.01399 63 
4.01404 63
4.01404 63 
4.01431 63
4.01431 63 
4.01457 63
4.01457 63 
4.01473 63
4.01473 63 
4.01494 63
4.01494 63 
4.01527 63
4.01527 63 
4.01578 63
4.01578 63 
4.01639 63
4.01639 63 
4.01643 63
4.01643 63 
4.01665 63
4.01665 63 
4.01666 63
4.01666 63 
4.01693 63
4.01693 63 
4.0171 63
4.0171 63 
4.01713 63
4.01713 63 
4.01721 63
4.01721 63 
4.01783 63
4.01783 63 
4.01806 63
4.01806 63 
4.01821 63
4.01821 63 
4.0185 63
4.0185 63 
4.01874 63
4.01874 63 
4.01921 63
4.01921 63 
4.01931 63
4.01931 63 
4.01962 63
4.01962 63 
4.01968 63
4.01968 63 
4.01987 63
4.01987 63 
4.01997 63
4.01997 63 
4.02027 63
4.02027 63 
4.02043 63
4.02043 63 
4.02045 63
4.02045 63 
4.02045 63
4.02045 63 
4.02104 63
4.02104 63 
4.02138 63
4.02138 63 
4.02166 63
4.02166 63 
4.02167 63
4.02167 63 
4.02196 63
4.02196 63 
4.02198 63
4.02198 63 
4.02211 63
4.02211 63 
4.02222 63
4.02222 63 
4.02226 63
4.02226 63 
4.02236 63
4.02236 63 
4.0228 63
4.0228 63 
4.02315 63
4.02315 63 
4.0232 63
4.0232 63 
4.02321 63
4.02321 63 
4.02339 63
4.02339 63 
4.0235 63
4.0235 63 
4.02353 63
4.02353 63 
4.02368 63
4.02368 63 
4.02393 63
4.02393 63 
4.02424 63
4.02424 63 
4.02447 63
4.02447 63 
4.02476 63
4.02476 63 
4.02493 63
4.02493 63 
4.02495 63
4.02495 63 
4.02496 63
4.02496 63 
4.02522 63
4.02522 63 
4.02525 63
4.02525 63 
4.02527 63
4.02527 63 
4.02557 63
4.02557 63 
4.02583 63
4.02583 63 
4.0259 63
4.0259 63 
4.02659 63
4.02659 63 
4.02671 63
4.02671 63 
4.0271 63
4.0271 63 
4.02738 63
4.02738 63 
4.02741 63
4.02741 63 
4.02779 63
4.02779 63 
4.02783 63
4.02783 63 
4.02849 63
4.02849 63 
4.02859 63
4.02859 63 
4.02931 63
4.02931 63 
4.02932 63
4.02932 63 
4.02981 63
4.02981 63 
4.02986 63
4.02986 63 
4.03036 63
4.03036 63 
4.0306 63
4.0306 63 
4.03101 63
4.03101 63 
4.03152 63
4.03152 63 
4.03179 63
4.03179 63 
4.03237 63
4.03237 63 
4.03275 63
4.03275 63 
4.03283 63
4.03283 63 
4.03314 63
4.03314 63 
4.03379 63
4.03379 63 
4.03386 63
4.03386 63 
4.03409 63
4.03409 63 
4.03431 63
4.03431 63 
4.03484 63
4.03484 63 
4.03507 63
4.03507 63 
4.03513 63
4.03513 63 
4.03519 63
4.03519 63 
4.03527 63
4.03527 63 
4.03565 63
4.03565 63 
4.03583 63
4.03583 63 
4.03679 63
4.03679 63 
4.03735 63
4.03735 63 
4.03743 63
4.03743 63 
4.03753 63
4.03753 63 
4.03778 63
4.03778 63 
4.03782 63
4.03782 63 
4.03863 63
4.03863 63 
4.03894 63
4.03894 63 
4.03904 63
4.03904 63 
4.0393 63
4.0393 63 
4.03974 63
4.03974 63 
4.03978 63
4.03978 63 
4.03988 63
4.03988 63 
4.03988 63
4.03988 63 
4.04013 63
4.04013 63 
4.04045 63
4.04045 63 
4.04064 63
4.04064 63 
4.04083 63
4.04083 63 
4.04156 63
4.04156 63 
4.0419 63
4.0419 63 
4.04199 63
4.04199 63 
4.04233 63
4.04233 63 
4.04238 63
4.04238 63 
4.04261 63
4.04261 63 
4.043 63
4.043 63 
4.04301 63
4.04301 63 
4.04315 63
4.04315 63 
4.04322 63
4.04322 63 
4.04332 63
4.04332 63 
4.04389 63
4.04389 63 
4.04392 63
4.04392 63 
4.04392 63
4.04392 63 
4.04415 63
4.04415 63 
4.0446 63
4.0446 63 
4.04485 63
4.04485 63 
4.04501 63
4.04501 63 
4.04537 63
4.04537 63 
4.04603 63
4.04603 63 
4.0464 63
4.0464 63 
4.04649 63
4.04649 63 
4.0466 63
4.0466 63 
4.04712 63
4.04712 63 
4.04742 63
4.04742 63 
4.04776 63
4.04776 63 
4.04786 63
4.04786 63 
4.04832 63
4.04832 63 
4.04878 63
4.04878 63 
4.0491 63
4.0491 63 
4.04915 63
4.04915 63 
4.04943 63
4.04943 63 
4.04944 63
4.04944 63 
4.04947 63
4.04947 63 
4.04954 63
4.04954 63 
4.04968 63
4.04968 63 
4.04971 63
4.04971 63 
4.04976 63
4.04976 63 
4.04983 63
4.04983 63 
4.0502 63
4.0502 63 
4.05054 63
4.05054 63 
4.0507 63
4.0507 63 
4.05111 63
4.05111 63 
4.05113 63
4.05113 63 
4.05117 63
4.05117 63 
4.05138 63
4.05138 63 
4.05168 63
4.05168 63 
4.05181 63
4.05181 63 
4.05183 63
4.05183 63 
4.0519 63
4.0519 63 
4.05193 63
4.05193 63 
4.0522 63
4.0522 63 
4.05327 63
4.05327 63 
4.05349 63
4.05349 63 
4.05372 63
4.05372 63 
4.05373 63
4.05373 63 
4.05426 63
4.05426 63 
4.05483 63
4.05483 63 
4.05498 63
4.05498 63 
4.05514 63
4.05514 63 
4.05587 63
4.05587 63 
4.05605 63
4.05605 63 
4.05615 63
4.05615 63 
4.0568 63
4.0568 63 
4.05707 63
4.05707 63 
4.0572 63
4.0572 63 
4.0573 63
4.0573 63 
4.05746 63
4.05746 63 
4.05767 63
4.05767 63 
4.05767 63
4.05767 63 
4.05777 63
4.05777 63 
4.05798 63
4.05798 63 
4.05808 63
4.05808 63 
4.05822 63
4.05822 63 
4.05825 63
4.05825 63 
4.05848 63
4.05848 63 
4.05873 63
4.05873 63 
4.05927 63
4.05927 63 
4.05952 63
4.05952 63 
4.05955 63
4.05955 63 
4.06014 63
4.06014 63 
4.06014 63
4.06014 63 
4.06023 63
4.06023 63 
4.06045 63
4.06045 63 
4.06085 63
4.06085 63 
4.06142 63
4.06142 63 
4.0615 63
4.0615 63 
4.06159 63
4.06159 63 
4.06196 63
4.06196 63 
4.06269 63
4.06269 63 
4.06333 63
4.06333 63 
4.06349 63
4.06349 63 
4.06356 63
4.06356 63 
4.06375 63
4.06375 63 
4.06381 63
4.06381 63 
4.06391 63
4.06391 63 
4.06419 63
4.06419 63 
4.06448 63
4.06448 63 
4.06461 63
4.06461 63 
4.06462 63
4.06462 63 
4.06491 63
4.06491 63 
4.06509 63
4.06509 63 
4.06571 63
4.06571 63 
4.06572 63
4.06572 63 
4.06624 63
4.06624 63 
4.06697 63
4.06697 63 
4.06741 63
4.06741 63 
4.06855 63
4.06855 63 
4.06865 63
4.06865 63 
4.06867 63
4.06867 63 
4.0687 63
4.0687 63 
4.06924 63
4.06924 63 
4.06938 63
4.06938 63 
4.0695 63
4.0695 63 
4.06967 63
4.06967 63 
4.06968 63
4.06968 63 
4.06982 63
4.06982 63 
4.06996 63
4.06996 63 
4.07005 63
4.07005 63 
4.07013 63
4.07013 63 
4.07054 63
4.07054 63 
4.07078 63
4.07078 63 
4.07137 63
4.07137 63 
4.07139 63
4.07139 63 
4.07146 63
4.07146 63 
4.07194 63
4.07194 63 
4.07199 63
4.07199 63 
4.07223 63
4.07223 63 
4.07226 63
4.07226 63 
4.07236 63
4.07236 63 
4.0726 63
4.0726 63 
4.07263 63
4.07263 63 
4.07267 63
4.07267 63 
4.07327 63
4.07327 63 
4.07346 63
4.07346 63 
4.0742 63
4.0742 63 
4.07432 63
4.07432 63 
4.07443 63
4.07443 63 
4.07449 63
4.07449 63 
4.07488 63
4.07488 63 
4.07536 63
4.07536 63 
4.07542 63
4.07542 63 
4.07553 63
4.07553 63 
4.07555 63
4.07555 63 
4.07564 63
4.07564 63 
4.07572 63
4.07572 63 
4.07639 63
4.07639 63 
4.07681 63
4.07681 63 
4.07729 63
4.07729 64 
4.07729 64
4.07729 64 
4.07731 64
4.07731 64 
4.0776 64
4.0776 64 
4.07794 64
4.07794 64 
4.078 64
4.078 64 
4.07809 64
4.07809 64 
4.07815 64
4.07815 64 
4.07871 64
4.07871 64 
4.07894 64
4.07894 64 
4.07908 64
4.07908 64 
4.07954 64
4.07954 64 
4.07969 64
4.07969 64 
4.07995 64
4.07995 64 
4.07996 64
4.07996 64 
4.08067 64
4.08067 64 
4.08114 64
4.08114 64 
4.08195 64
4.08195 64 
4.08209 64
4.08209 64 
4.08243 64
4.08243 64 
4.08251 64
4.08251 64 
4.08263 64
4.08263 64 
4.08269 64
4.08269 64 
4.08281 64
4.08281 64 
4.08282 64
4.08282 64 
4.08287 64
4.08287 64 
4.0831 64
4.0831 64 
4.0834 64
4.0834 65 
4.08356 65
4.08356 65 
4.08367 65
4.08367 65 
4.08375 65
4.08375 65 
4.08411 65
4.08411 65 
4.0847 65
4.0847 65 
4.08516 65
4.08516 65 
4.08554 65
4.08554 65 
4.08578 65
4.08578 65 
4.08588 65
4.08588 65 
4.08626 65
4.08626 65 
4.08637 65
4.08637 65 
4.08648 65
4.08648 65 
4.08715 65
4.08715 65 
4.0874 65
4.0874 65 
4.08749 65
4.08749 65 
4.08775 65
4.08775 65 
4.08784 65
4.08784 65 
4.08829 65
4.08829 65 
4.08836 65
4.08836 65 
4.08868 65
4.08868 65 
4.08923 65
4.08923 65 
4.0897 65
4.0897 65 
4.08971 65
4.08971 65 
4.08989 65
4.08989 65 
4.09012 65
4.09012 65 
4.09071 65
4.09071 65 
4.09113 65
4.09113 65 
4.09234 65
4.09234 65 
4.09324 65
4.09324 65 
4.09338 65
4.09338 65 
4.09349 65
4.09349 65 
4.0936 65
4.0936 65 
4.09362 65
4.09362 65 
4.09368 65
4.09368 65 
4.09375 65
4.09375 65 
4.09411 65
4.09411 65 
4.09427 65
4.09427 65 
4.09437 65
4.09437 65 
4.09443 65
4.09443 65 
4.09459 65
4.09459 65 
4.09493 65
4.09493 65 
4.09551 65
4.09551 65 
4.09679 65
4.09679 65 
4.09686 65
4.09686 65 
4.09722 65
4.09722 65 
4.09734 65
4.09734 65 
4.09735 65
4.09735 65 
4.09764 65
4.09764 65 
4.09807 65
4.09807 65 
4.09808 65
4.09808 65 
4.09818 65
4.09818 65 
4.09823 65
4.09823 65 
4.09829 65
4.09829 65 
4.09924 65
4.09924 65 
4.0998 65
4.0998 65 
4.09982 65
4.09982 65 
4.10107 65
4.10107 65 
4.10132 65
4.10132 65 
4.10144 65
4.10144 65 
4.10148 65
4.10148 65 
4.10168 65
4.10168 65 
4.10279 65
4.10279 65 
4.1032 65
4.1032 65 
4.10335 65
4.10335 65 
4.10358 65
4.10358 65 
4.10379 65
4.10379 65 
4.10449 65
4.10449 65 
4.10465 65
4.10465 65 
4.10519 65
4.10519 65 
4.10539 65
4.10539 65 
4.1059 65
4.1059 65 
4.10664 65
4.10664 65 
4.10691 65
4.10691 65 
4.10694 65
4.10694 65 
4.1071 65
4.1071 65 
4.10735 65
4.10735 65 
4.1082 65
4.1082 65 
4.10907 65
4.10907 65 
4.10998 65
4.10998 65 
4.11017 65
4.11017 65 
4.11066 65
4.11066 65 
4.11071 65
4.11071 65 
4.11093 65
4.11093 65 
4.11107 65
4.11107 65 
4.1119 65
4.1119 65 
4.11193 65
4.11193 65 
4.11193 65
4.11193 65 
4.1123 65
4.1123 65 
4.11293 65
4.11293 65 
4.11335 65
4.11335 65 
4.11378 65
4.11378 65 
4.11411 65
4.11411 65 
4.11419 65
4.11419 65 
4.11621 65
4.11621 65 
4.11673 65
4.11673 65 
4.11705 65
4.11705 65 
4.11752 65
4.11752 65 
4.11856 65
4.11856 65 
4.11926 65
4.11926 65 
4.12001 65
4.12001 65 
4.12017 65
4.12017 65 
4.12161 65
4.12161 65 
4.12251 65
4.12251 65 
4.12271 65
4.12271 65 
4.12328 65
4.12328 65 
4.12333 65
4.12333 65 
4.12347 65
4.12347 65 
4.12389 65
4.12389 65 
4.1239 65
4.1239 65 
4.12424 65
4.12424 65 
4.12482 65
4.12482 65 
4.12494 65
4.12494 65 
4.12503 65
4.12503 65 
4.12542 65
4.12542 65 
4.12702 65
4.12702 65 
4.12729 65
4.12729 65 
4.12743 65
4.12743 65 
4.1277 65
4.1277 65 
4.12837 65
4.12837 65 
4.1291 65
4.1291 65 
4.12935 65
4.12935 65 
4.13007 65
4.13007 65 
4.1301 65
4.1301 65 
4.13038 65
4.13038 65 
4.13063 65
4.13063 65 
4.13145 65
4.13145 65 
4.13306 65
4.13306 65 
4.13309 65
4.13309 65 
4.13556 65
4.13556 65 
4.13558 65
4.13558 65 
4.13559 65
4.13559 65 
4.13603 65
4.13603 65 
4.13603 65
4.13603 65 
4.13719 65
4.13719 65 
4.13738 65
4.13738 65 
4.13839 65
4.13839 65 
4.13859 65
4.13859 65 
4.13867 65
4.13867 65 
4.13919 65
4.13919 65 
4.13965 65
4.13965 65 
4.13996 65
4.13996 65 
4.14029 65
4.14029 65 
4.14089 65
4.14089 65 
4.14151 65
4.14151 65 
4.142 65
4.142 65 
4.14208 65
4.14208 65 
4.14279 65
4.14279 65 
4.14282 65
4.14282 65 
4.14286 65
4.14286 65 
4.14318 65
4.14318 65 
4.14356 65
4.14356 65 
4.14412 65
4.14412 65 
4.14457 65
4.14457 65 
4.14463 65
4.14463 65 
4.14695 65
4.14695 65 
4.14805 65
4.14805 65 
4.14902 65
4.14902 65 
4.14998 65
4.14998 65 
4.15105 65
4.15105 65 
4.15279 65
4.15279 65 
4.15466 65
4.15466 65 
4.15497 65
4.15497 65 
4.15504 65
4.15504 65 
4.15505 65
4.15505 65 
4.15565 65
4.15565 65 
4.15625 65
4.15625 65 
4.15679 65
4.15679 65 
4.15754 65
4.15754 65 
4.15771 65
4.15771 65 
4.15844 65
4.15844 65 
4.15891 65
4.15891 65 
4.16032 65
4.16032 65 
4.16042 65
4.16042 65 
4.16113 65
4.16113 65 
4.16419 65
4.16419 65 
4.16489 65
4.16489 65 
4.16492 65
4.16492 65 
4.16495 65
4.16495 65 
4.16804 65
4.16804 65 
4.17165 65
4.17165 65 
4.17209 65
4.17209 65 
4.1722 65
4.1722 65 
4.17229 65
4.17229 65 
4.17319 65
4.17319 65 
4.174 65
4.174 65 
4.17502 65
4.17502 65 
4.17508 65
4.17508 65 
4.17529 65
4.17529 65 
4.17737 65
4.17737 65 
4.17785 65
4.17785 65 
4.17906 65
4.17906 65 
4.17916 65
4.17916 65 
4.18026 65
4.18026 65 
4.18102 65
4.18102 65 
4.1817 65
4.1817 65 
4.18216 65
4.18216 65 
4.18331 65
4.18331 65 
4.1841 65
4.1841 65 
4.18428 65
4.18428 65 
4.18456 65
4.18456 65 
4.18606 65
4.18606 65 
4.18794 65
4.18794 65 
4.1883 65
4.1883 65 
4.18913 65
4.18913 65 
4.18941 65
4.18941 65 
4.1911 65
4.1911 65 
4.19133 65
4.19133 65 
4.19324 65
4.19324 65 
4.19552 65
4.19552 65 
4.19603 65
4.19603 65 
4.19699 65
4.19699 65 
4.1976 65
4.1976 65 
4.19784 65
4.19784 65 
4.19801 65
4.19801 65 
4.19814 65
4.19814 65 
4.19915 65
4.19915 65 
4.20032 65
4.20032 65 
4.2011 65
4.2011 65 
4.20302 65
4.20302 65 
4.20457 65
4.20457 65 
4.20516 65
4.20516 65 
4.20831 65
4.20831 65 
4.20976 65
4.20976 65 
4.21004 65
4.21004 65 
4.21067 65
4.21067 65 
4.21516 65
4.21516 65 
4.21621 65
4.21621 65 
4.21673 65
4.21673 65 
4.21717 65
4.21717 65 
4.21874 65
4.21874 65 
4.21939 65
4.21939 65 
4.21965 65
4.21965 65 
4.22197 65
4.22197 65 
4.22217 65
4.22217 65 
4.22252 65
4.22252 65 
4.22277 65
4.22277 65 
4.22363 65
4.22363 65 
4.22585 65
4.22585 65 
4.22774 65
4.22774 65 
4.22833 65
4.22833 65 
4.23077 65
4.23077 65 
4.23153 65
4.23153 65 
4.23301 65
4.23301 65 
4.23442 65
4.23442 65 
4.23636 65
4.23636 65 
4.23982 65
4.23982 65 
4.24788 65
4.24788 65 
4.2493 65
4.2493 65 
4.25363 65
4.25363 65 
4.25387 65
4.25387 65 
4.25466 65
4.25466 65 
4.31015 65
4.31015 65 
4.3274 65
4.3274 65 
4.32914 65
4.32914 65 
4.3498 65
4.3498 65 
4.48914 65
4.48914 65 
4.55232 65
4.55232 65 
4.57838 65
4.57838 65 
4.59048 65
4.59048 65 
4.6611 65
4.6611 65 
4.70952 65
4.70952 65 
4.92602 65
4.92602 65 
5.07851 65
5.07851 65 
5.11168 65
5.11168 65 
5.19131 65
5.19131 65 
5.19243 65
5.19243 65 
5.38865 65
5.38865 65 
5.41391 65
5.41391 65 
5.59621 65
5.59621 65 
5.71841 65
5.71841 65 
