0 1 
1.56146 1
1.56146 1 
1.59745 1
1.59745 1 
1.6029 1
1.6029 1 
1.61869 1
1.61869 1 
1.64576 1
1.64576 1 
1.64991 1
1.64991 1 
1.66867 1
1.66867 1 
1.69915 1
1.69915 1 
1.71908 1
1.71908 2 
1.72743 2
1.72743 2 
1.73756 2
1.73756 2 
1.7381 2
1.7381 2 
1.75515 2
1.75515 2 
1.7762 2
1.7762 3 
1.78271 3
1.78271 3 
1.79516 3
1.79516 4 
1.81955 4
1.81955 4 
1.82624 4
1.82624 4 
1.84137 4
1.84137 4 
1.85278 4
1.85278 4 
1.86045 4
1.86045 4 
1.87492 4
1.87492 4 
1.88604 4
1.88604 4 
1.88745 4
1.88745 4 
1.89688 4
1.89688 4 
1.89753 4
1.89753 4 
1.90575 4
1.90575 4 
1.90912 4
1.90912 5 
1.91158 5
1.91158 5 
1.92409 5
1.92409 5 
1.92553 5
1.92553 5 
1.92756 5
1.92756 5 
1.93039 5
1.93039 5 
1.93431 5
1.93431 5 
1.93856 5
1.93856 5 
1.94521 5
1.94521 5 
1.94651 5
1.94651 5 
1.95155 5
1.95155 5 
1.95354 5
1.95354 5 
1.97124 5
1.97124 5 
1.97928 5
1.97928 5 
1.97957 5
1.97957 6 
1.98034 6
1.98034 6 
1.984 6
1.984 6 
1.9861 6
1.9861 6 
1.99343 6
1.99343 6 
1.9993 6
1.9993 6 
1.99949 6
1.99949 6 
2.00728 6
2.00728 6 
2.00766 6
2.00766 6 
2.00916 6
2.00916 6 
2.01381 6
2.01381 6 
2.02992 6
2.02992 6 
2.03568 6
2.03568 6 
2.03597 6
2.03597 7 
2.04025 7
2.04025 7 
2.05782 7
2.05782 7 
2.06083 7
2.06083 8 
2.0695 8
2.0695 9 
2.07199 9
2.07199 9 
2.07621 9
2.07621 9 
2.08845 9
2.08845 10 
2.09532 10
2.09532 10 
2.09561 10
2.09561 10 
2.10305 10
2.10305 10 
2.1151 10
2.1151 10 
2.11848 10
2.11848 10 
2.11898 10
2.11898 10 
2.12838 10
2.12838 10 
2.14707 10
2.14707 10 
2.14906 10
2.14906 10 
2.15132 10
2.15132 10 
2.15501 10
2.15501 10 
2.15656 10
2.15656 10 
2.15715 10
2.15715 10 
2.16332 10
2.16332 10 
2.16472 10
2.16472 10 
2.16595 10
2.16595 10 
2.17098 10
2.17098 10 
2.17267 10
2.17267 10 
2.17897 10
2.17897 10 
2.18139 10
2.18139 10 
2.18161 10
2.18161 11 
2.18495 11
2.18495 11 
2.18559 11
2.18559 11 
2.18814 11
2.18814 11 
2.19137 11
2.19137 11 
2.1914 11
2.1914 12 
2.19478 12
2.19478 12 
2.19509 12
2.19509 12 
2.19626 12
2.19626 12 
2.19895 12
2.19895 12 
2.20603 12
2.20603 12 
2.20972 12
2.20972 12 
2.21706 12
2.21706 12 
2.21736 12
2.21736 12 
2.21865 12
2.21865 12 
2.22 12
2.22 12 
2.22011 12
2.22011 12 
2.22821 12
2.22821 12 
2.22826 12
2.22826 12 
2.22996 12
2.22996 12 
2.23749 12
2.23749 12 
2.24326 12
2.24326 12 
2.24979 12
2.24979 12 
2.25006 12
2.25006 12 
2.25496 12
2.25496 12 
2.25714 12
2.25714 13 
2.25949 13
2.25949 13 
2.26617 13
2.26617 13 
2.26709 13
2.26709 13 
2.26941 13
2.26941 13 
2.27365 13
2.27365 13 
2.27758 13
2.27758 13 
2.28135 13
2.28135 13 
2.29063 13
2.29063 14 
2.29253 14
2.29253 14 
2.29371 14
2.29371 14 
2.29489 14
2.29489 14 
2.29664 14
2.29664 14 
2.29889 14
2.29889 14 
2.30151 14
2.30151 14 
2.31878 14
2.31878 14 
2.31925 14
2.31925 14 
2.31946 14
2.31946 14 
2.32162 14
2.32162 14 
2.3254 14
2.3254 15 
2.33036 15
2.33036 15 
2.33509 15
2.33509 15 
2.33584 15
2.33584 15 
2.33592 15
2.33592 15 
2.33737 15
2.33737 15 
2.33743 15
2.33743 15 
2.33832 15
2.33832 15 
2.34538 15
2.34538 15 
2.34872 15
2.34872 15 
2.35352 15
2.35352 15 
2.3547 15
2.3547 15 
2.36647 15
2.36647 15 
2.36987 15
2.36987 16 
2.37552 16
2.37552 16 
2.38535 16
2.38535 16 
2.38812 16
2.38812 16 
2.39553 16
2.39553 17 
2.39641 17
2.39641 17 
2.39759 17
2.39759 17 
2.40004 17
2.40004 17 
2.40138 17
2.40138 17 
2.40183 17
2.40183 17 
2.40305 17
2.40305 18 
2.41217 18
2.41217 18 
2.41344 18
2.41344 18 
2.41389 18
2.41389 18 
2.41409 18
2.41409 18 
2.41899 18
2.41899 19 
2.41904 19
2.41904 19 
2.42001 19
2.42001 19 
2.42185 19
2.42185 20 
2.42312 20
2.42312 20 
2.43126 20
2.43126 20 
2.43449 20
2.43449 20 
2.4361 20
2.4361 20 
2.43737 20
2.43737 20 
2.44339 20
2.44339 20 
2.44731 20
2.44731 21 
2.44775 21
2.44775 21 
2.44778 21
2.44778 21 
2.44782 21
2.44782 21 
2.45304 21
2.45304 21 
2.45373 21
2.45373 21 
2.45453 21
2.45453 21 
2.45637 21
2.45637 21 
2.45917 21
2.45917 21 
2.46641 21
2.46641 21 
2.46814 21
2.46814 21 
2.46972 21
2.46972 21 
2.46981 21
2.46981 22 
2.47063 22
2.47063 22 
2.47391 22
2.47391 22 
2.47704 22
2.47704 22 
2.47876 22
2.47876 22 
2.47958 22
2.47958 22 
2.48195 22
2.48195 22 
2.4836 22
2.4836 22 
2.48651 22
2.48651 22 
2.48868 22
2.48868 22 
2.49049 22
2.49049 22 
2.4911 22
2.4911 22 
2.49152 22
2.49152 22 
2.49473 22
2.49473 22 
2.49808 22
2.49808 22 
2.49868 22
2.49868 22 
2.4994 22
2.4994 22 
2.50549 22
2.50549 22 
2.50693 22
2.50693 22 
2.50713 22
2.50713 22 
2.50896 22
2.50896 22 
2.50944 22
2.50944 22 
2.51071 22
2.51071 22 
2.51076 22
2.51076 23 
2.51239 23
2.51239 24 
2.51595 24
2.51595 24 
2.51928 24
2.51928 24 
2.52313 24
2.52313 24 
2.52799 24
2.52799 24 
2.52809 24
2.52809 24 
2.53088 24
2.53088 24 
2.53232 24
2.53232 24 
2.53447 24
2.53447 24 
2.53487 24
2.53487 24 
2.53512 24
2.53512 24 
2.54654 24
2.54654 24 
2.54927 24
2.54927 24 
2.5529 24
2.5529 24 
2.55332 24
2.55332 25 
2.55652 25
2.55652 25 
2.55784 25
2.55784 25 
2.55871 25
2.55871 25 
2.55903 25
2.55903 25 
2.5612 25
2.5612 25 
2.56361 25
2.56361 25 
2.56386 25
2.56386 25 
2.56411 25
2.56411 25 
2.56541 25
2.56541 25 
2.56729 25
2.56729 25 
2.56781 25
2.56781 25 
2.56839 25
2.56839 25 
2.57088 25
2.57088 25 
2.57189 25
2.57189 26 
2.57195 26
2.57195 26 
2.57568 26
2.57568 26 
2.57853 26
2.57853 26 
2.57984 26
2.57984 26 
2.58319 26
2.58319 26 
2.58348 26
2.58348 26 
2.58451 26
2.58451 26 
2.5884 26
2.5884 26 
2.58913 26
2.58913 26 
2.58969 26
2.58969 26 
2.59087 26
2.59087 26 
2.59353 26
2.59353 26 
2.59561 26
2.59561 26 
2.59779 26
2.59779 26 
2.59796 26
2.59796 26 
2.59833 26
2.59833 26 
2.60863 26
2.60863 27 
2.60956 27
2.60956 27 
2.6097 27
2.6097 27 
2.61034 27
2.61034 27 
2.61188 27
2.61188 27 
2.61294 27
2.61294 27 
2.61413 27
2.61413 27 
2.61579 27
2.61579 27 
2.61648 27
2.61648 28 
2.618 28
2.618 28 
2.61922 28
2.61922 28 
2.62524 28
2.62524 28 
2.62545 28
2.62545 28 
2.62861 28
2.62861 28 
2.62864 28
2.62864 28 
2.62995 28
2.62995 28 
2.63261 28
2.63261 28 
2.63444 28
2.63444 28 
2.63725 28
2.63725 28 
2.63801 28
2.63801 28 
2.64594 28
2.64594 28 
2.64628 28
2.64628 28 
2.65164 28
2.65164 28 
2.65187 28
2.65187 28 
2.65337 28
2.65337 28 
2.65373 28
2.65373 28 
2.65375 28
2.65375 28 
2.65862 28
2.65862 28 
2.66194 28
2.66194 28 
2.66279 28
2.66279 28 
2.66498 28
2.66498 28 
2.66834 28
2.66834 29 
2.67462 29
2.67462 29 
2.67797 29
2.67797 29 
2.6824 29
2.6824 29 
2.68466 29
2.68466 29 
2.68711 29
2.68711 29 
2.68744 29
2.68744 29 
2.68944 29
2.68944 29 
2.6899 29
2.6899 29 
2.69073 29
2.69073 29 
2.6952 29
2.6952 29 
2.6977 29
2.6977 29 
2.69924 29
2.69924 29 
2.70136 29
2.70136 29 
2.70141 29
2.70141 29 
2.702 29
2.702 29 
2.70262 29
2.70262 29 
2.70429 29
2.70429 29 
2.71344 29
2.71344 30 
2.71385 30
2.71385 30 
2.71634 30
2.71634 30 
2.71929 30
2.71929 30 
2.72213 30
2.72213 30 
2.7223 30
2.7223 30 
2.72303 30
2.72303 30 
2.72338 30
2.72338 30 
2.72454 30
2.72454 30 
2.72544 30
2.72544 30 
2.7276 30
2.7276 30 
2.72766 30
2.72766 30 
2.73012 30
2.73012 30 
2.73014 30
2.73014 30 
2.73301 30
2.73301 30 
2.7359 30
2.7359 30 
2.73702 30
2.73702 30 
2.7528 30
2.7528 30 
2.75383 30
2.75383 30 
2.75401 30
2.75401 30 
2.75468 30
2.75468 30 
2.75475 30
2.75475 30 
2.7555 30
2.7555 30 
2.75566 30
2.75566 30 
2.75713 30
2.75713 30 
2.76211 30
2.76211 30 
2.76332 30
2.76332 30 
2.76699 30
2.76699 30 
2.76747 30
2.76747 30 
2.76893 30
2.76893 30 
2.76966 30
2.76966 30 
2.77249 30
2.77249 30 
2.77271 30
2.77271 30 
2.77334 30
2.77334 30 
2.77515 30
2.77515 30 
2.77552 30
2.77552 30 
2.7759 30
2.7759 30 
2.77757 30
2.77757 30 
2.78057 30
2.78057 30 
2.78176 30
2.78176 31 
2.78178 31
2.78178 31 
2.78214 31
2.78214 31 
2.78359 31
2.78359 31 
2.784 31
2.784 31 
2.78567 31
2.78567 32 
2.78627 32
2.78627 32 
2.78741 32
2.78741 32 
2.78885 32
2.78885 32 
2.79157 32
2.79157 32 
2.79394 32
2.79394 32 
2.79556 32
2.79556 32 
2.80026 32
2.80026 32 
2.80048 32
2.80048 32 
2.80078 32
2.80078 32 
2.80115 32
2.80115 32 
2.80166 32
2.80166 32 
2.80252 32
2.80252 32 
2.80302 32
2.80302 32 
2.80314 32
2.80314 32 
2.80453 32
2.80453 32 
2.80595 32
2.80595 32 
2.80633 32
2.80633 32 
2.80671 32
2.80671 32 
2.80857 32
2.80857 32 
2.80955 32
2.80955 32 
2.81211 32
2.81211 32 
2.81531 32
2.81531 32 
2.81598 32
2.81598 32 
2.81724 32
2.81724 32 
2.81746 32
2.81746 32 
2.82058 32
2.82058 32 
2.82416 32
2.82416 32 
2.82417 32
2.82417 32 
2.83242 32
2.83242 32 
2.83261 32
2.83261 32 
2.83627 32
2.83627 32 
2.8379 32
2.8379 32 
2.83961 32
2.83961 32 
2.84158 32
2.84158 32 
2.84332 32
2.84332 32 
2.84571 32
2.84571 32 
2.84598 32
2.84598 32 
2.84864 32
2.84864 32 
2.85091 32
2.85091 32 
2.85192 32
2.85192 32 
2.8548 32
2.8548 32 
2.8548 32
2.8548 33 
2.85652 33
2.85652 33 
2.85937 33
2.85937 33 
2.86032 33
2.86032 33 
2.86137 33
2.86137 33 
2.86238 33
2.86238 33 
2.86485 33
2.86485 33 
2.86842 33
2.86842 33 
2.87009 33
2.87009 33 
2.87057 33
2.87057 33 
2.87523 33
2.87523 33 
2.87649 33
2.87649 33 
2.87682 33
2.87682 33 
2.87763 33
2.87763 33 
2.8782 33
2.8782 33 
2.88034 33
2.88034 33 
2.88144 33
2.88144 33 
2.88329 33
2.88329 34 
2.88661 34
2.88661 34 
2.88982 34
2.88982 34 
2.88997 34
2.88997 34 
2.89001 34
2.89001 34 
2.89127 34
2.89127 34 
2.89312 34
2.89312 35 
2.89874 35
2.89874 36 
2.90284 36
2.90284 36 
2.90324 36
2.90324 36 
2.90524 36
2.90524 36 
2.90574 36
2.90574 36 
2.90579 36
2.90579 36 
2.90614 36
2.90614 36 
2.90681 36
2.90681 36 
2.90707 36
2.90707 36 
2.91272 36
2.91272 36 
2.91623 36
2.91623 36 
2.91632 36
2.91632 36 
2.9175 36
2.9175 36 
2.91904 36
2.91904 36 
2.9234 36
2.9234 36 
2.92429 36
2.92429 36 
2.92602 36
2.92602 36 
2.92742 36
2.92742 36 
2.92766 36
2.92766 36 
2.92918 36
2.92918 36 
2.93197 36
2.93197 36 
2.93324 36
2.93324 36 
2.93337 36
2.93337 36 
2.93522 36
2.93522 36 
2.93527 36
2.93527 36 
2.93628 36
2.93628 36 
2.93723 36
2.93723 36 
2.93929 36
2.93929 36 
2.93949 36
2.93949 36 
2.9407 36
2.9407 36 
2.94326 36
2.94326 36 
2.94416 36
2.94416 36 
2.94427 36
2.94427 37 
2.94643 37
2.94643 37 
2.9465 37
2.9465 37 
2.94702 37
2.94702 38 
2.95015 38
2.95015 38 
2.95046 38
2.95046 38 
2.95238 38
2.95238 38 
2.95273 38
2.95273 38 
2.95329 38
2.95329 38 
2.9542 38
2.9542 38 
2.95531 38
2.95531 38 
2.95765 38
2.95765 38 
2.95982 38
2.95982 38 
2.96001 38
2.96001 38 
2.96016 38
2.96016 38 
2.96199 38
2.96199 38 
2.96405 38
2.96405 38 
2.96723 38
2.96723 38 
2.96811 38
2.96811 38 
2.96863 38
2.96863 38 
2.96894 38
2.96894 38 
2.96898 38
2.96898 38 
2.9701 38
2.9701 38 
2.97331 38
2.97331 38 
2.97464 38
2.97464 38 
2.97516 38
2.97516 38 
2.97516 38
2.97516 38 
2.9766 38
2.9766 38 
2.97819 38
2.97819 38 
2.97993 38
2.97993 39 
2.98186 39
2.98186 39 
2.98245 39
2.98245 39 
2.98698 39
2.98698 39 
2.98796 39
2.98796 39 
2.98923 39
2.98923 39 
2.9899 39
2.9899 39 
2.99048 39
2.99048 39 
2.9912 39
2.9912 39 
2.9965 39
2.9965 39 
2.99808 39
2.99808 39 
2.99858 39
2.99858 39 
2.99884 39
2.99884 39 
3.00042 39
3.00042 39 
3.00277 39
3.00277 39 
3.0099 39
3.0099 39 
3.01062 39
3.01062 39 
3.01159 39
3.01159 39 
3.01265 39
3.01265 39 
3.01555 39
3.01555 39 
3.01636 39
3.01636 39 
3.01709 39
3.01709 39 
3.01851 39
3.01851 39 
3.01926 39
3.01926 39 
3.02019 39
3.02019 39 
3.0209 39
3.0209 39 
3.02091 39
3.02091 39 
3.02198 39
3.02198 39 
3.02551 39
3.02551 39 
3.03019 39
3.03019 39 
3.03034 39
3.03034 39 
3.03261 39
3.03261 39 
3.03293 39
3.03293 39 
3.03437 39
3.03437 39 
3.03551 39
3.03551 39 
3.03564 39
3.03564 39 
3.03801 39
3.03801 39 
3.03833 39
3.03833 39 
3.03876 39
3.03876 39 
3.0398 39
3.0398 39 
3.04025 39
3.04025 39 
3.04685 39
3.04685 39 
3.04689 39
3.04689 39 
3.05027 39
3.05027 39 
3.05065 39
3.05065 39 
3.05316 39
3.05316 40 
3.0539 40
3.0539 40 
3.05498 40
3.05498 40 
3.05508 40
3.05508 40 
3.05687 40
3.05687 40 
3.05737 40
3.05737 40 
3.06432 40
3.06432 40 
3.06494 40
3.06494 41 
3.06546 41
3.06546 41 
3.06613 41
3.06613 41 
3.06659 41
3.06659 41 
3.06808 41
3.06808 41 
3.07104 41
3.07104 41 
3.07137 41
3.07137 41 
3.07302 41
3.07302 41 
3.07304 41
3.07304 41 
3.07496 41
3.07496 41 
3.07503 41
3.07503 41 
3.07771 41
3.07771 41 
3.07868 41
3.07868 41 
3.07902 41
3.07902 41 
3.07907 41
3.07907 41 
3.07998 41
3.07998 41 
3.08102 41
3.08102 42 
3.08157 42
3.08157 42 
3.0836 42
3.0836 42 
3.08387 42
3.08387 42 
3.08495 42
3.08495 42 
3.08911 42
3.08911 42 
3.09081 42
3.09081 42 
3.09292 42
3.09292 42 
3.09495 42
3.09495 42 
3.09604 42
3.09604 42 
3.09794 42
3.09794 42 
3.09823 42
3.09823 42 
3.09848 42
3.09848 42 
3.1006 42
3.1006 42 
3.10162 42
3.10162 42 
3.10389 42
3.10389 42 
3.10486 42
3.10486 42 
3.10712 42
3.10712 43 
3.10813 43
3.10813 43 
3.10828 43
3.10828 43 
3.10883 43
3.10883 43 
3.10887 43
3.10887 43 
3.11076 43
3.11076 43 
3.11079 43
3.11079 43 
3.11119 43
3.11119 43 
3.11142 43
3.11142 43 
3.1115 43
3.1115 43 
3.11255 43
3.11255 43 
3.11495 43
3.11495 43 
3.11668 43
3.11668 43 
3.11723 43
3.11723 43 
3.11828 43
3.11828 43 
3.1191 43
3.1191 43 
3.12002 43
3.12002 43 
3.12028 43
3.12028 43 
3.1203 43
3.1203 43 
3.1261 43
3.1261 43 
3.12947 43
3.12947 43 
3.13176 43
3.13176 43 
3.13972 43
3.13972 43 
3.14016 43
3.14016 43 
3.14258 43
3.14258 43 
3.14461 43
3.14461 43 
3.14483 43
3.14483 43 
3.14503 43
3.14503 43 
3.14537 43
3.14537 43 
3.14689 43
3.14689 43 
3.14706 43
3.14706 43 
3.1482 43
3.1482 43 
3.14857 43
3.14857 43 
3.14991 43
3.14991 43 
3.15044 43
3.15044 43 
3.15053 43
3.15053 43 
3.15369 43
3.15369 43 
3.15383 43
3.15383 43 
3.15546 43
3.15546 43 
3.15546 43
3.15546 43 
3.1566 43
3.1566 43 
3.1571 43
3.1571 43 
3.1597 43
3.1597 43 
3.16138 43
3.16138 43 
3.16257 43
3.16257 43 
3.16291 43
3.16291 43 
3.16331 43
3.16331 43 
3.16363 43
3.16363 43 
3.16445 43
3.16445 43 
3.16632 43
3.16632 43 
3.16635 43
3.16635 43 
3.16913 43
3.16913 43 
3.16946 43
3.16946 43 
3.16957 43
3.16957 43 
3.16961 43
3.16961 43 
3.17034 43
3.17034 43 
3.17284 43
3.17284 43 
3.17366 43
3.17366 43 
3.17376 43
3.17376 43 
3.1743 43
3.1743 43 
3.17797 43
3.17797 43 
3.17967 43
3.17967 43 
3.17979 43
3.17979 43 
3.18041 43
3.18041 43 
3.18047 43
3.18047 43 
3.18108 43
3.18108 43 
3.18264 43
3.18264 43 
3.18671 43
3.18671 44 
3.18778 44
3.18778 44 
3.19008 44
3.19008 44 
3.19019 44
3.19019 44 
3.19226 44
3.19226 44 
3.19253 44
3.19253 44 
3.19338 44
3.19338 44 
3.19617 44
3.19617 45 
3.19696 45
3.19696 45 
3.19757 45
3.19757 45 
3.19948 45
3.19948 45 
3.20051 45
3.20051 45 
3.20127 45
3.20127 45 
3.20613 45
3.20613 45 
3.20722 45
3.20722 45 
3.2076 45
3.2076 45 
3.20846 45
3.20846 45 
3.21022 45
3.21022 45 
3.2103 45
3.2103 45 
3.21164 45
3.21164 45 
3.21287 45
3.21287 45 
3.21361 45
3.21361 45 
3.21451 45
3.21451 45 
3.21464 45
3.21464 45 
3.21786 45
3.21786 45 
3.21786 45
3.21786 45 
3.21858 45
3.21858 45 
3.21956 45
3.21956 45 
3.22031 45
3.22031 45 
3.22119 45
3.22119 45 
3.22515 45
3.22515 45 
3.22839 45
3.22839 45 
3.23474 45
3.23474 45 
3.23535 45
3.23535 45 
3.23691 45
3.23691 45 
3.2383 45
3.2383 45 
3.23839 45
3.23839 46 
3.23964 46
3.23964 46 
3.24044 46
3.24044 46 
3.24056 46
3.24056 46 
3.24156 46
3.24156 46 
3.24359 46
3.24359 46 
3.24685 46
3.24685 46 
3.24831 46
3.24831 46 
3.24834 46
3.24834 46 
3.25076 46
3.25076 46 
3.25247 46
3.25247 46 
3.2529 46
3.2529 46 
3.25328 46
3.25328 46 
3.25391 46
3.25391 46 
3.25542 46
3.25542 46 
3.2555 46
3.2555 47 
3.25642 47
3.25642 47 
3.25934 47
3.25934 47 
3.25971 47
3.25971 47 
3.26042 47
3.26042 47 
3.26069 47
3.26069 47 
3.26218 47
3.26218 47 
3.26288 47
3.26288 47 
3.26369 47
3.26369 47 
3.26431 47
3.26431 47 
3.26578 47
3.26578 47 
3.26791 47
3.26791 47 
3.26807 47
3.26807 47 
3.26847 47
3.26847 47 
3.27151 47
3.27151 47 
3.27297 47
3.27297 47 
3.27354 47
3.27354 47 
3.27369 47
3.27369 47 
3.27418 47
3.27418 47 
3.27446 47
3.27446 47 
3.2767 47
3.2767 47 
3.27723 47
3.27723 47 
3.27823 47
3.27823 47 
3.27868 47
3.27868 47 
3.27875 47
3.27875 47 
3.28108 47
3.28108 47 
3.28129 47
3.28129 47 
3.28195 47
3.28195 47 
3.28216 47
3.28216 47 
3.28266 47
3.28266 47 
3.28333 47
3.28333 47 
3.28365 47
3.28365 47 
3.28779 47
3.28779 47 
3.28928 47
3.28928 47 
3.28939 47
3.28939 47 
3.29038 47
3.29038 47 
3.29255 47
3.29255 47 
3.29313 47
3.29313 47 
3.29329 47
3.29329 47 
3.29499 47
3.29499 47 
3.29835 47
3.29835 47 
3.29851 47
3.29851 47 
3.30054 47
3.30054 47 
3.30169 47
3.30169 47 
3.30313 47
3.30313 47 
3.30328 47
3.30328 47 
3.30485 47
3.30485 47 
3.30531 47
3.30531 47 
3.3054 47
3.3054 47 
3.3082 47
3.3082 47 
3.3097 47
3.3097 47 
3.31182 47
3.31182 47 
3.31247 47
3.31247 47 
3.31261 47
3.31261 47 
3.31328 47
3.31328 47 
3.31371 47
3.31371 47 
3.31432 47
3.31432 47 
3.31441 47
3.31441 47 
3.31472 47
3.31472 47 
3.31543 47
3.31543 47 
3.31563 47
3.31563 47 
3.31587 47
3.31587 47 
3.31592 47
3.31592 47 
3.3181 47
3.3181 47 
3.31864 47
3.31864 47 
3.32183 47
3.32183 47 
3.32291 47
3.32291 47 
3.32327 47
3.32327 47 
3.32424 47
3.32424 47 
3.32468 47
3.32468 47 
3.3253 47
3.3253 47 
3.32538 47
3.32538 47 
3.32579 47
3.32579 47 
3.32765 47
3.32765 47 
3.3278 47
3.3278 47 
3.32884 47
3.32884 47 
3.32993 47
3.32993 47 
3.33032 47
3.33032 47 
3.33256 47
3.33256 48 
3.33356 48
3.33356 48 
3.33358 48
3.33358 48 
3.33554 48
3.33554 48 
3.33623 48
3.33623 48 
3.33634 48
3.33634 48 
3.33647 48
3.33647 48 
3.33752 48
3.33752 48 
3.3377 48
3.3377 48 
3.33821 48
3.33821 48 
3.33833 48
3.33833 48 
3.33884 48
3.33884 48 
3.33969 48
3.33969 48 
3.34053 48
3.34053 48 
3.34124 48
3.34124 48 
3.34189 48
3.34189 48 
3.34194 48
3.34194 48 
3.34338 48
3.34338 48 
3.34426 48
3.34426 49 
3.34474 49
3.34474 49 
3.34491 49
3.34491 49 
3.34697 49
3.34697 49 
3.34948 49
3.34948 49 
3.34954 49
3.34954 49 
3.34976 49
3.34976 49 
3.35077 49
3.35077 49 
3.3528 49
3.3528 49 
3.35333 49
3.35333 49 
3.35404 49
3.35404 49 
3.35419 49
3.35419 49 
3.35444 49
3.35444 49 
3.35459 49
3.35459 49 
3.3557 49
3.3557 49 
3.35617 49
3.35617 49 
3.35649 49
3.35649 49 
3.35876 49
3.35876 49 
3.35923 49
3.35923 49 
3.36011 49
3.36011 49 
3.36035 49
3.36035 50 
3.36218 50
3.36218 50 
3.36253 50
3.36253 50 
3.36376 50
3.36376 50 
3.36465 50
3.36465 50 
3.36469 50
3.36469 50 
3.36568 50
3.36568 50 
3.36587 50
3.36587 50 
3.36612 50
3.36612 50 
3.36647 50
3.36647 50 
3.36719 50
3.36719 50 
3.36806 50
3.36806 50 
3.36848 50
3.36848 50 
3.36953 50
3.36953 50 
3.36959 50
3.36959 50 
3.3702 50
3.3702 50 
3.37024 50
3.37024 50 
3.37175 50
3.37175 50 
3.37201 50
3.37201 50 
3.3729 50
3.3729 50 
3.37296 50
3.37296 50 
3.37299 50
3.37299 50 
3.37546 50
3.37546 50 
3.37721 50
3.37721 50 
3.37772 50
3.37772 50 
3.37827 50
3.37827 50 
3.37838 50
3.37838 50 
3.37898 50
3.37898 50 
3.37912 50
3.37912 50 
3.37917 50
3.37917 51 
3.38006 51
3.38006 51 
3.38262 51
3.38262 51 
3.38431 51
3.38431 51 
3.38463 51
3.38463 51 
3.38756 51
3.38756 51 
3.38773 51
3.38773 51 
3.38817 51
3.38817 51 
3.38898 51
3.38898 51 
3.38944 51
3.38944 51 
3.39035 51
3.39035 51 
3.39179 51
3.39179 51 
3.39283 51
3.39283 51 
3.3935 51
3.3935 51 
3.39414 51
3.39414 51 
3.39445 51
3.39445 51 
3.3961 51
3.3961 51 
3.39645 51
3.39645 51 
3.3965 51
3.3965 51 
3.39691 51
3.39691 51 
3.3985 51
3.3985 51 
3.39858 51
3.39858 51 
3.40005 51
3.40005 51 
3.40096 51
3.40096 51 
3.401 51
3.401 51 
3.40244 51
3.40244 51 
3.40276 51
3.40276 51 
3.40369 51
3.40369 51 
3.40542 51
3.40542 51 
3.40587 51
3.40587 51 
3.40628 51
3.40628 51 
3.40726 51
3.40726 51 
3.41006 51
3.41006 51 
3.41035 51
3.41035 51 
3.41036 51
3.41036 51 
3.41103 51
3.41103 51 
3.41114 51
3.41114 51 
3.41138 51
3.41138 51 
3.41475 51
3.41475 51 
3.41485 51
3.41485 51 
3.41562 51
3.41562 51 
3.41688 51
3.41688 51 
3.41718 51
3.41718 51 
3.41924 51
3.41924 51 
3.42123 51
3.42123 51 
3.42173 51
3.42173 51 
3.42183 51
3.42183 51 
3.42209 51
3.42209 51 
3.42307 51
3.42307 51 
3.42351 51
3.42351 51 
3.42395 51
3.42395 51 
3.42418 51
3.42418 51 
3.42418 51
3.42418 51 
3.42911 51
3.42911 51 
3.42919 51
3.42919 51 
3.43028 51
3.43028 51 
3.43212 51
3.43212 51 
3.43291 51
3.43291 51 
3.43351 51
3.43351 51 
3.43357 51
3.43357 51 
3.435 51
3.435 51 
3.43537 51
3.43537 51 
3.43545 51
3.43545 51 
3.43748 51
3.43748 51 
3.43763 51
3.43763 51 
3.43826 51
3.43826 51 
3.43827 51
3.43827 51 
3.43849 51
3.43849 51 
3.43958 51
3.43958 51 
3.44116 51
3.44116 51 
3.44168 51
3.44168 51 
3.44231 51
3.44231 51 
3.4425 51
3.4425 51 
3.44279 51
3.44279 51 
3.44367 51
3.44367 51 
3.44398 51
3.44398 51 
3.44431 51
3.44431 51 
3.44445 51
3.44445 51 
3.44448 51
3.44448 51 
3.44453 51
3.44453 51 
3.44491 51
3.44491 51 
3.44537 51
3.44537 51 
3.44602 51
3.44602 51 
3.44622 51
3.44622 51 
3.44848 51
3.44848 51 
3.45024 51
3.45024 51 
3.4503 51
3.4503 51 
3.45091 51
3.45091 51 
3.45114 51
3.45114 51 
3.45183 51
3.45183 51 
3.4525 51
3.4525 51 
3.45323 51
3.45323 51 
3.45503 51
3.45503 51 
3.45571 51
3.45571 51 
3.45575 51
3.45575 51 
3.45708 51
3.45708 51 
3.45838 51
3.45838 51 
3.45866 51
3.45866 51 
3.45939 51
3.45939 51 
3.46027 51
3.46027 51 
3.46242 51
3.46242 51 
3.46251 51
3.46251 51 
3.46266 51
3.46266 51 
3.4638 51
3.4638 51 
3.46567 51
3.46567 51 
3.46591 51
3.46591 51 
3.46713 51
3.46713 51 
3.46803 51
3.46803 51 
3.46922 51
3.46922 51 
3.46973 51
3.46973 51 
3.47005 51
3.47005 52 
3.47079 52
3.47079 52 
3.47081 52
3.47081 52 
3.47167 52
3.47167 52 
3.47214 52
3.47214 52 
3.47331 52
3.47331 52 
3.47377 52
3.47377 52 
3.47431 52
3.47431 52 
3.47455 52
3.47455 52 
3.47536 52
3.47536 52 
3.47664 52
3.47664 52 
3.47815 52
3.47815 52 
3.47862 52
3.47862 52 
3.47991 52
3.47991 52 
3.48122 52
3.48122 52 
3.48125 52
3.48125 52 
3.48189 52
3.48189 52 
3.48266 52
3.48266 52 
3.48424 52
3.48424 52 
3.48449 52
3.48449 52 
3.48498 52
3.48498 53 
3.48522 53
3.48522 53 
3.48669 53
3.48669 53 
3.48748 53
3.48748 53 
3.4875 53
3.4875 53 
3.48795 53
3.48795 53 
3.48802 53
3.48802 53 
3.4887 53
3.4887 53 
3.48915 53
3.48915 53 
3.4902 53
3.4902 53 
3.491 53
3.491 53 
3.49146 53
3.49146 53 
3.49161 53
3.49161 53 
3.49181 53
3.49181 53 
3.4924 53
3.4924 53 
3.49244 53
3.49244 53 
3.49267 53
3.49267 53 
3.49366 53
3.49366 54 
3.49386 54
3.49386 54 
3.49491 54
3.49491 54 
3.49541 54
3.49541 54 
3.49559 54
3.49559 54 
3.49635 54
3.49635 54 
3.49644 54
3.49644 54 
3.49686 54
3.49686 54 
3.49744 54
3.49744 54 
3.49804 54
3.49804 54 
3.49969 54
3.49969 54 
3.5006 54
3.5006 54 
3.50082 54
3.50082 55 
3.50144 55
3.50144 55 
3.50165 55
3.50165 55 
3.50219 55
3.50219 55 
3.50257 55
3.50257 55 
3.50268 55
3.50268 55 
3.50351 55
3.50351 55 
3.50489 55
3.50489 55 
3.50594 55
3.50594 55 
3.50618 55
3.50618 55 
3.50694 55
3.50694 55 
3.50783 55
3.50783 55 
3.50835 55
3.50835 55 
3.50894 55
3.50894 55 
3.51112 55
3.51112 55 
3.51201 55
3.51201 55 
3.5122 55
3.5122 55 
3.51286 55
3.51286 55 
3.5138 55
3.5138 55 
3.51422 55
3.51422 55 
3.51504 55
3.51504 55 
3.51577 55
3.51577 55 
3.51611 55
3.51611 55 
3.51819 55
3.51819 55 
3.51861 55
3.51861 55 
3.51955 55
3.51955 55 
3.51964 55
3.51964 55 
3.52046 55
3.52046 56 
3.52087 56
3.52087 56 
3.52156 56
3.52156 56 
3.52182 56
3.52182 56 
3.52192 56
3.52192 56 
3.52225 56
3.52225 56 
3.52282 56
3.52282 56 
3.5241 56
3.5241 56 
3.52488 56
3.52488 56 
3.52492 56
3.52492 56 
3.52493 56
3.52493 56 
3.52502 56
3.52502 56 
3.52525 56
3.52525 56 
3.52534 56
3.52534 56 
3.52607 56
3.52607 56 
3.52626 56
3.52626 56 
3.5265 56
3.5265 56 
3.52652 56
3.52652 56 
3.52723 56
3.52723 56 
3.52739 56
3.52739 56 
3.52752 56
3.52752 56 
3.52821 56
3.52821 56 
3.52831 56
3.52831 56 
3.52916 56
3.52916 56 
3.52971 56
3.52971 56 
3.53089 56
3.53089 56 
3.53207 56
3.53207 56 
3.5322 56
3.5322 56 
3.5326 56
3.5326 56 
3.53303 56
3.53303 56 
3.53357 56
3.53357 56 
3.53357 56
3.53357 56 
3.53364 56
3.53364 56 
3.5341 56
3.5341 56 
3.5356 56
3.5356 56 
3.53587 56
3.53587 56 
3.53602 56
3.53602 56 
3.53805 56
3.53805 56 
3.53876 56
3.53876 56 
3.53895 56
3.53895 56 
3.53904 56
3.53904 56 
3.53904 56
3.53904 56 
3.53962 56
3.53962 56 
3.54047 56
3.54047 56 
3.54057 56
3.54057 56 
3.54132 56
3.54132 56 
3.54186 56
3.54186 56 
3.54208 56
3.54208 56 
3.54311 56
3.54311 56 
3.54482 56
3.54482 56 
3.54495 56
3.54495 56 
3.54528 56
3.54528 56 
3.54534 56
3.54534 56 
3.54547 56
3.54547 56 
3.54642 56
3.54642 56 
3.54657 56
3.54657 56 
3.54679 56
3.54679 56 
3.5481 56
3.5481 56 
3.54832 56
3.54832 56 
3.54921 56
3.54921 56 
3.54958 56
3.54958 56 
3.54972 56
3.54972 57 
3.55018 57
3.55018 57 
3.55166 57
3.55166 57 
3.55173 57
3.55173 57 
3.55181 57
3.55181 57 
3.55298 57
3.55298 57 
3.55312 57
3.55312 57 
3.55366 57
3.55366 57 
3.55569 57
3.55569 57 
3.55592 57
3.55592 57 
3.55599 57
3.55599 57 
3.55706 57
3.55706 57 
3.55767 57
3.55767 57 
3.55888 57
3.55888 57 
3.55942 57
3.55942 57 
3.55955 57
3.55955 57 
3.56032 57
3.56032 57 
3.56128 57
3.56128 57 
3.56159 57
3.56159 57 
3.56195 57
3.56195 57 
3.56235 57
3.56235 57 
3.56263 57
3.56263 57 
3.56311 57
3.56311 57 
3.56336 57
3.56336 57 
3.56356 57
3.56356 57 
3.56358 57
3.56358 57 
3.5638 57
3.5638 57 
3.56412 57
3.56412 57 
3.56515 57
3.56515 57 
3.56575 57
3.56575 57 
3.56576 57
3.56576 57 
3.56628 57
3.56628 57 
3.56732 57
3.56732 57 
3.56745 57
3.56745 57 
3.568 57
3.568 57 
3.56898 57
3.56898 57 
3.56988 57
3.56988 57 
3.57104 57
3.57104 57 
3.57168 57
3.57168 57 
3.5722 57
3.5722 57 
3.57264 57
3.57264 58 
3.57348 58
3.57348 58 
3.57405 58
3.57405 58 
3.57451 58
3.57451 58 
3.57485 58
3.57485 58 
3.57531 58
3.57531 58 
3.57596 58
3.57596 58 
3.57633 58
3.57633 58 
3.57792 58
3.57792 58 
3.57841 58
3.57841 58 
3.57994 58
3.57994 58 
3.58079 58
3.58079 58 
3.58132 58
3.58132 58 
3.58191 58
3.58191 58 
3.5822 58
3.5822 58 
3.58278 58
3.58278 58 
3.58356 58
3.58356 58 
3.58397 58
3.58397 58 
3.58488 58
3.58488 58 
3.58555 58
3.58555 58 
3.58596 58
3.58596 58 
3.58609 58
3.58609 58 
3.58663 58
3.58663 58 
3.58702 58
3.58702 58 
3.58705 58
3.58705 58 
3.58718 58
3.58718 58 
3.58727 58
3.58727 58 
3.58761 58
3.58761 58 
3.58763 58
3.58763 58 
3.58765 58
3.58765 58 
3.588 58
3.588 58 
3.58852 58
3.58852 58 
3.58887 58
3.58887 58 
3.58955 58
3.58955 58 
3.59076 58
3.59076 58 
3.59099 58
3.59099 58 
3.59254 58
3.59254 58 
3.59448 58
3.59448 58 
3.59458 58
3.59458 58 
3.5951 58
3.5951 58 
3.59609 58
3.59609 58 
3.59779 58
3.59779 58 
3.59788 58
3.59788 58 
3.5979 58
3.5979 58 
3.5981 58
3.5981 58 
3.59942 58
3.59942 58 
3.59971 58
3.59971 58 
3.59982 58
3.59982 58 
3.60085 58
3.60085 58 
3.60134 58
3.60134 59 
3.60146 59
3.60146 59 
3.60176 59
3.60176 59 
3.60237 59
3.60237 59 
3.60245 59
3.60245 59 
3.6029 59
3.6029 59 
3.60302 59
3.60302 59 
3.60321 59
3.60321 59 
3.60347 59
3.60347 59 
3.60463 59
3.60463 59 
3.60539 59
3.60539 59 
3.60547 59
3.60547 59 
3.60587 59
3.60587 59 
3.60597 59
3.60597 59 
3.6061 59
3.6061 59 
3.60616 59
3.60616 59 
3.60626 59
3.60626 59 
3.6065 59
3.6065 59 
3.60668 59
3.60668 59 
3.60671 59
3.60671 59 
3.60848 59
3.60848 59 
3.60971 59
3.60971 59 
3.60993 59
3.60993 59 
3.61019 59
3.61019 59 
3.61046 59
3.61046 59 
3.61102 59
3.61102 59 
3.61228 59
3.61228 59 
3.61291 59
3.61291 59 
3.61345 59
3.61345 59 
3.61393 59
3.61393 59 
3.61405 59
3.61405 59 
3.61424 59
3.61424 59 
3.61595 59
3.61595 59 
3.61732 59
3.61732 59 
3.61751 59
3.61751 59 
3.61788 59
3.61788 59 
3.6179 59
3.6179 59 
3.61899 59
3.61899 59 
3.61936 59
3.61936 59 
3.61944 59
3.61944 59 
3.6195 59
3.6195 59 
3.62029 59
3.62029 59 
3.62036 59
3.62036 59 
3.62075 59
3.62075 59 
3.62133 59
3.62133 59 
3.62139 59
3.62139 59 
3.62288 59
3.62288 59 
3.62464 59
3.62464 59 
3.62471 59
3.62471 60 
3.62486 60
3.62486 60 
3.62486 60
3.62486 60 
3.62496 60
3.62496 60 
3.62527 60
3.62527 60 
3.62567 60
3.62567 60 
3.6262 60
3.6262 60 
3.62647 60
3.62647 60 
3.62692 60
3.62692 60 
3.62811 60
3.62811 60 
3.62914 60
3.62914 60 
3.62964 60
3.62964 60 
3.63013 60
3.63013 60 
3.63017 60
3.63017 60 
3.63022 60
3.63022 60 
3.63047 60
3.63047 60 
3.63074 60
3.63074 60 
3.63117 60
3.63117 60 
3.63177 60
3.63177 60 
3.63192 60
3.63192 60 
3.63211 60
3.63211 60 
3.6323 60
3.6323 60 
3.634 60
3.634 60 
3.63534 60
3.63534 60 
3.63635 60
3.63635 60 
3.63791 60
3.63791 60 
3.63828 60
3.63828 60 
3.63839 60
3.63839 60 
3.63869 60
3.63869 60 
3.63956 60
3.63956 60 
3.63993 60
3.63993 60 
3.64002 60
3.64002 60 
3.64022 60
3.64022 60 
3.64027 60
3.64027 60 
3.64034 60
3.64034 60 
3.64157 60
3.64157 60 
3.64182 60
3.64182 60 
3.64194 60
3.64194 60 
3.64204 60
3.64204 60 
3.6422 60
3.6422 60 
3.64267 60
3.64267 60 
3.64338 60
3.64338 60 
3.64725 60
3.64725 60 
3.64814 60
3.64814 60 
3.64838 60
3.64838 60 
3.64859 60
3.64859 60 
3.64878 60
3.64878 60 
3.64914 60
3.64914 60 
3.64916 60
3.64916 60 
3.64927 60
3.64927 60 
3.64962 60
3.64962 60 
3.64993 60
3.64993 60 
3.65042 60
3.65042 60 
3.65062 60
3.65062 60 
3.65068 60
3.65068 60 
3.65113 60
3.65113 60 
3.65141 60
3.65141 60 
3.65151 60
3.65151 60 
3.65158 60
3.65158 60 
3.65203 60
3.65203 60 
3.65235 60
3.65235 60 
3.65254 60
3.65254 60 
3.65279 60
3.65279 60 
3.65318 60
3.65318 60 
3.65325 60
3.65325 60 
3.65391 60
3.65391 60 
3.65458 60
3.65458 60 
3.65474 60
3.65474 60 
3.65489 60
3.65489 60 
3.65738 60
3.65738 60 
3.65895 60
3.65895 60 
3.65904 60
3.65904 60 
3.6591 60
3.6591 60 
3.65952 60
3.65952 60 
3.65971 60
3.65971 60 
3.65996 60
3.65996 60 
3.66003 60
3.66003 60 
3.66016 60
3.66016 60 
3.66064 60
3.66064 60 
3.66144 60
3.66144 60 
3.6617 60
3.6617 60 
3.66284 60
3.66284 60 
3.66324 60
3.66324 60 
3.66356 60
3.66356 60 
3.66422 60
3.66422 60 
3.66586 60
3.66586 60 
3.66587 60
3.66587 60 
3.66774 60
3.66774 60 
3.66847 60
3.66847 60 
3.66848 60
3.66848 60 
3.66854 60
3.66854 60 
3.66887 60
3.66887 60 
3.66921 60
3.66921 60 
3.66922 60
3.66922 60 
3.6693 60
3.6693 60 
3.66969 60
3.66969 60 
3.67001 60
3.67001 60 
3.67117 60
3.67117 60 
3.67145 60
3.67145 60 
3.67154 60
3.67154 60 
3.67227 60
3.67227 60 
3.67228 60
3.67228 60 
3.67259 60
3.67259 60 
3.67309 60
3.67309 60 
3.67361 60
3.67361 60 
3.67482 60
3.67482 60 
3.67543 60
3.67543 60 
3.67556 60
3.67556 60 
3.67578 60
3.67578 60 
3.67593 60
3.67593 60 
3.67636 60
3.67636 60 
3.67761 60
3.67761 60 
3.678 60
3.678 60 
3.67923 60
3.67923 60 
3.67954 60
3.67954 60 
3.6801 60
3.6801 60 
3.6807 60
3.6807 60 
3.68111 60
3.68111 60 
3.68119 60
3.68119 60 
3.68142 60
3.68142 60 
3.68249 60
3.68249 60 
3.68277 60
3.68277 60 
3.68291 60
3.68291 60 
3.68356 60
3.68356 60 
3.68386 60
3.68386 60 
3.68436 60
3.68436 60 
3.68482 60
3.68482 60 
3.68519 60
3.68519 60 
3.68613 60
3.68613 60 
3.68834 60
3.68834 60 
3.68917 60
3.68917 60 
3.68927 60
3.68927 60 
3.6896 60
3.6896 60 
3.68983 60
3.68983 60 
3.68988 60
3.68988 60 
3.69217 60
3.69217 60 
3.69306 60
3.69306 60 
3.69345 60
3.69345 60 
3.69371 60
3.69371 60 
3.69482 60
3.69482 60 
3.69525 60
3.69525 60 
3.69569 60
3.69569 60 
3.69576 60
3.69576 60 
3.69663 60
3.69663 60 
3.69742 60
3.69742 60 
3.69754 60
3.69754 60 
3.69757 60
3.69757 60 
3.69797 60
3.69797 60 
3.69882 60
3.69882 60 
3.69924 60
3.69924 60 
3.70075 60
3.70075 61 
3.70155 61
3.70155 61 
3.70371 61
3.70371 61 
3.70388 61
3.70388 61 
3.70403 61
3.70403 62 
3.70458 62
3.70458 62 
3.70466 62
3.70466 62 
3.70521 62
3.70521 62 
3.70539 62
3.70539 62 
3.70542 62
3.70542 62 
3.70561 62
3.70561 62 
3.70587 62
3.70587 62 
3.706 62
3.706 62 
3.70618 62
3.70618 62 
3.70772 62
3.70772 62 
3.70968 62
3.70968 62 
3.711 62
3.711 62 
3.71105 62
3.71105 62 
3.71139 62
3.71139 62 
3.71151 62
3.71151 62 
3.71163 62
3.71163 62 
3.71174 62
3.71174 62 
3.71206 62
3.71206 62 
3.71217 62
3.71217 62 
3.7133 62
3.7133 62 
3.71418 62
3.71418 62 
3.71485 62
3.71485 62 
3.71528 62
3.71528 62 
3.71543 62
3.71543 62 
3.7165 62
3.7165 62 
3.71712 62
3.71712 62 
3.71763 62
3.71763 62 
3.71833 62
3.71833 62 
3.71847 62
3.71847 62 
3.71854 62
3.71854 62 
3.71918 62
3.71918 62 
3.71967 62
3.71967 62 
3.71982 62
3.71982 62 
3.72113 62
3.72113 62 
3.72144 62
3.72144 62 
3.72241 62
3.72241 62 
3.72257 62
3.72257 62 
3.7226 62
3.7226 62 
3.72272 62
3.72272 62 
3.72424 62
3.72424 62 
3.72509 62
3.72509 62 
3.72554 62
3.72554 62 
3.72737 62
3.72737 62 
3.7277 62
3.7277 62 
3.72771 62
3.72771 62 
3.72807 62
3.72807 62 
3.72832 62
3.72832 62 
3.72836 62
3.72836 62 
3.72926 62
3.72926 62 
3.72945 62
3.72945 62 
3.72967 62
3.72967 62 
3.73023 62
3.73023 62 
3.73065 62
3.73065 62 
3.73097 62
3.73097 62 
3.73126 62
3.73126 62 
3.73164 62
3.73164 62 
3.73223 62
3.73223 62 
3.73224 62
3.73224 62 
3.73292 62
3.73292 62 
3.73437 62
3.73437 62 
3.73467 62
3.73467 62 
3.7351 62
3.7351 62 
3.73563 62
3.73563 62 
3.73613 62
3.73613 62 
3.73686 62
3.73686 62 
3.73851 62
3.73851 62 
3.73948 62
3.73948 62 
3.7397 62
3.7397 62 
3.73987 62
3.73987 62 
3.74022 62
3.74022 62 
3.74028 62
3.74028 62 
3.74029 62
3.74029 62 
3.74032 62
3.74032 62 
3.74039 62
3.74039 62 
3.74147 62
3.74147 62 
3.74163 62
3.74163 62 
3.74359 62
3.74359 62 
3.74488 62
3.74488 62 
3.7453 62
3.7453 62 
3.74545 62
3.74545 62 
3.74577 62
3.74577 62 
3.74634 62
3.74634 62 
3.74652 62
3.74652 62 
3.74682 62
3.74682 62 
3.74699 62
3.74699 62 
3.74703 62
3.74703 62 
3.74706 62
3.74706 62 
3.74746 62
3.74746 62 
3.74784 62
3.74784 62 
3.74816 62
3.74816 62 
3.74823 62
3.74823 62 
3.74826 62
3.74826 62 
3.74846 62
3.74846 62 
3.74848 62
3.74848 62 
3.74918 62
3.74918 62 
3.74952 62
3.74952 62 
3.74982 62
3.74982 62 
3.74994 62
3.74994 62 
3.75017 62
3.75017 62 
3.75067 62
3.75067 62 
3.75094 62
3.75094 62 
3.75104 62
3.75104 62 
3.7511 62
3.7511 62 
3.75166 62
3.75166 62 
3.75215 62
3.75215 62 
3.75242 62
3.75242 62 
3.75269 62
3.75269 62 
3.75403 62
3.75403 62 
3.75561 62
3.75561 62 
3.75562 62
3.75562 62 
3.75633 62
3.75633 62 
3.75649 62
3.75649 62 
3.75654 62
3.75654 62 
3.75723 62
3.75723 62 
3.75738 62
3.75738 62 
3.75762 62
3.75762 62 
3.75774 62
3.75774 62 
3.75803 62
3.75803 62 
3.75895 62
3.75895 62 
3.75912 62
3.75912 62 
3.75918 62
3.75918 62 
3.75921 62
3.75921 62 
3.75996 62
3.75996 62 
3.76165 62
3.76165 62 
3.76196 62
3.76196 62 
3.762 62
3.762 62 
3.76262 62
3.76262 62 
3.764 62
3.764 62 
3.76464 62
3.76464 62 
3.76556 62
3.76556 62 
3.76588 62
3.76588 62 
3.76653 62
3.76653 62 
3.76658 62
3.76658 62 
3.76693 62
3.76693 62 
3.76735 62
3.76735 62 
3.76762 62
3.76762 62 
3.76773 62
3.76773 62 
3.76809 62
3.76809 62 
3.7681 62
3.7681 62 
3.76842 62
3.76842 62 
3.76849 62
3.76849 62 
3.76871 62
3.76871 62 
3.76879 62
3.76879 62 
3.76899 62
3.76899 62 
3.76926 62
3.76926 62 
3.7694 62
3.7694 62 
3.76999 62
3.76999 62 
3.77033 62
3.77033 62 
3.77036 62
3.77036 62 
3.77042 62
3.77042 62 
3.77058 62
3.77058 62 
3.77095 62
3.77095 62 
3.77159 62
3.77159 62 
3.77174 62
3.77174 62 
3.77177 62
3.77177 62 
3.77383 62
3.77383 62 
3.77501 62
3.77501 62 
3.77534 62
3.77534 62 
3.77555 62
3.77555 62 
3.77614 62
3.77614 62 
3.77649 62
3.77649 62 
3.77673 62
3.77673 62 
3.77683 62
3.77683 62 
3.7771 62
3.7771 62 
3.77822 62
3.77822 62 
3.77827 62
3.77827 62 
3.77833 62
3.77833 62 
3.77833 62
3.77833 62 
3.77894 62
3.77894 62 
3.77929 62
3.77929 62 
3.77937 62
3.77937 62 
3.77995 62
3.77995 62 
3.78012 62
3.78012 62 
3.78027 62
3.78027 62 
3.78049 62
3.78049 62 
3.78096 62
3.78096 62 
3.78102 62
3.78102 62 
3.78228 62
3.78228 62 
3.78271 62
3.78271 62 
3.78309 62
3.78309 62 
3.78369 62
3.78369 62 
3.78425 62
3.78425 62 
3.78593 62
3.78593 62 
3.7861 62
3.7861 62 
3.78616 62
3.78616 62 
3.78648 62
3.78648 62 
3.78652 62
3.78652 62 
3.78664 62
3.78664 62 
3.78664 62
3.78664 62 
3.78668 62
3.78668 62 
3.78675 62
3.78675 62 
3.78798 62
3.78798 62 
3.78822 62
3.78822 62 
3.78846 62
3.78846 62 
3.78865 62
3.78865 62 
3.7889 62
3.7889 62 
3.7892 62
3.7892 62 
3.78937 62
3.78937 62 
3.78955 62
3.78955 62 
3.78956 62
3.78956 62 
3.79021 62
3.79021 62 
3.79059 62
3.79059 62 
3.79074 62
3.79074 62 
3.79118 62
3.79118 62 
3.79123 62
3.79123 62 
3.79124 62
3.79124 62 
3.79145 62
3.79145 62 
3.79156 62
3.79156 62 
3.79164 62
3.79164 62 
3.79166 62
3.79166 62 
3.79204 62
3.79204 62 
3.79261 62
3.79261 62 
3.79297 62
3.79297 62 
3.79331 62
3.79331 62 
3.79363 62
3.79363 62 
3.79384 62
3.79384 62 
3.79394 62
3.79394 62 
3.79422 62
3.79422 62 
3.79483 62
3.79483 62 
3.79531 62
3.79531 62 
3.7957 62
3.7957 62 
3.79587 62
3.79587 62 
3.79627 62
3.79627 62 
3.79628 62
3.79628 62 
3.7963 62
3.7963 62 
3.797 62
3.797 62 
3.79812 62
3.79812 62 
3.79896 62
3.79896 62 
3.80004 62
3.80004 62 
3.80047 62
3.80047 62 
3.80064 62
3.80064 62 
3.80084 62
3.80084 62 
3.80133 62
3.80133 62 
3.80136 62
3.80136 62 
3.80162 62
3.80162 62 
3.80172 62
3.80172 63 
3.80175 63
3.80175 63 
3.8018 63
3.8018 63 
3.80197 63
3.80197 63 
3.80236 63
3.80236 63 
3.80244 63
3.80244 63 
3.80263 63
3.80263 63 
3.80322 63
3.80322 63 
3.80354 63
3.80354 63 
3.80358 63
3.80358 63 
3.80368 63
3.80368 63 
3.80373 63
3.80373 63 
3.80464 63
3.80464 63 
3.80497 63
3.80497 63 
3.80498 63
3.80498 63 
3.80596 63
3.80596 63 
3.80608 63
3.80608 63 
3.80613 63
3.80613 63 
3.80654 63
3.80654 63 
3.80701 63
3.80701 63 
3.8075 63
3.8075 63 
3.80752 63
3.80752 63 
3.80922 63
3.80922 63 
3.80941 63
3.80941 63 
3.80982 63
3.80982 63 
3.80994 63
3.80994 63 
3.80999 63
3.80999 63 
3.81016 63
3.81016 63 
3.812 63
3.812 63 
3.813 63
3.813 63 
3.81315 63
3.81315 63 
3.81363 63
3.81363 63 
3.81429 63
3.81429 63 
3.81448 63
3.81448 63 
3.81469 63
3.81469 63 
3.81509 63
3.81509 63 
3.81556 63
3.81556 63 
3.81576 63
3.81576 63 
3.81653 63
3.81653 63 
3.81698 63
3.81698 63 
3.817 63
3.817 63 
3.81718 63
3.81718 63 
3.8173 63
3.8173 63 
3.81746 63
3.81746 63 
3.81779 63
3.81779 63 
3.81804 63
3.81804 63 
3.81815 63
3.81815 63 
3.81827 63
3.81827 63 
3.81849 63
3.81849 63 
3.8185 63
3.8185 63 
3.8186 63
3.8186 63 
3.81905 63
3.81905 63 
3.81936 63
3.81936 63 
3.81943 63
3.81943 63 
3.81961 63
3.81961 63 
3.82063 63
3.82063 63 
3.82086 63
3.82086 63 
3.82175 63
3.82175 63 
3.82204 63
3.82204 63 
3.8234 63
3.8234 63 
3.82375 63
3.82375 63 
3.82375 63
3.82375 63 
3.82387 63
3.82387 63 
3.82388 63
3.82388 63 
3.82398 63
3.82398 63 
3.82403 63
3.82403 63 
3.82405 63
3.82405 63 
3.82406 63
3.82406 63 
3.82448 63
3.82448 63 
3.82496 63
3.82496 63 
3.82565 63
3.82565 63 
3.82629 63
3.82629 63 
3.82659 63
3.82659 63 
3.82674 63
3.82674 63 
3.82747 63
3.82747 63 
3.82757 63
3.82757 63 
3.82764 63
3.82764 63 
3.82796 63
3.82796 63 
3.82806 63
3.82806 63 
3.82815 63
3.82815 63 
3.82816 63
3.82816 63 
3.82879 63
3.82879 63 
3.82933 63
3.82933 63 
3.82971 63
3.82971 63 
3.82991 63
3.82991 63 
3.83029 63
3.83029 63 
3.83061 63
3.83061 63 
3.83073 63
3.83073 63 
3.83102 63
3.83102 63 
3.83204 63
3.83204 63 
3.83244 63
3.83244 63 
3.83252 63
3.83252 63 
3.83288 63
3.83288 63 
3.83292 63
3.83292 63 
3.83301 63
3.83301 63 
3.83311 63
3.83311 63 
3.83339 63
3.83339 63 
3.83358 63
3.83358 63 
3.83374 63
3.83374 63 
3.83427 63
3.83427 63 
3.83465 63
3.83465 63 
3.83512 63
3.83512 63 
3.83526 63
3.83526 63 
3.83532 63
3.83532 63 
3.83582 63
3.83582 63 
3.83644 63
3.83644 63 
3.83652 63
3.83652 63 
3.83828 63
3.83828 63 
3.83849 63
3.83849 63 
3.83904 63
3.83904 63 
3.8399 63
3.8399 63 
3.8401 63
3.8401 63 
3.84065 63
3.84065 63 
3.84068 63
3.84068 63 
3.84105 63
3.84105 63 
3.84149 63
3.84149 63 
3.84174 63
3.84174 63 
3.84184 63
3.84184 63 
3.84208 63
3.84208 63 
3.84255 63
3.84255 63 
3.84312 63
3.84312 63 
3.84372 63
3.84372 63 
3.84377 63
3.84377 63 
3.84449 63
3.84449 63 
3.84496 63
3.84496 63 
3.84502 63
3.84502 63 
3.84615 63
3.84615 63 
3.84636 63
3.84636 63 
3.84692 63
3.84692 63 
3.84704 63
3.84704 63 
3.84726 63
3.84726 63 
3.84768 63
3.84768 63 
3.8478 63
3.8478 63 
3.84789 63
3.84789 63 
3.84789 63
3.84789 63 
3.84834 63
3.84834 63 
3.84835 63
3.84835 63 
3.8487 63
3.8487 63 
3.84907 63
3.84907 63 
3.84951 63
3.84951 63 
3.84962 63
3.84962 63 
3.85074 63
3.85074 63 
3.85098 63
3.85098 63 
3.8514 63
3.8514 63 
3.85141 63
3.85141 63 
3.85201 63
3.85201 63 
3.85208 63
3.85208 63 
3.85221 63
3.85221 63 
3.85278 63
3.85278 63 
3.85333 63
3.85333 63 
3.85348 63
3.85348 63 
3.85352 63
3.85352 63 
3.8541 63
3.8541 63 
3.85481 63
3.85481 63 
3.85528 63
3.85528 63 
3.85583 63
3.85583 63 
3.85589 63
3.85589 63 
3.85626 63
3.85626 63 
3.8565 63
3.8565 63 
3.85768 63
3.85768 63 
3.85796 63
3.85796 63 
3.85848 63
3.85848 63 
3.85905 63
3.85905 63 
3.85969 63
3.85969 63 
3.85982 63
3.85982 63 
3.86006 63
3.86006 63 
3.86062 63
3.86062 63 
3.86086 63
3.86086 63 
3.86095 63
3.86095 63 
3.86107 63
3.86107 63 
3.86128 63
3.86128 63 
3.86169 63
3.86169 63 
3.8626 63
3.8626 63 
3.86268 63
3.86268 63 
3.86358 63
3.86358 63 
3.86421 63
3.86421 63 
3.86426 63
3.86426 63 
3.86476 63
3.86476 63 
3.86519 63
3.86519 63 
3.86568 63
3.86568 63 
3.86614 63
3.86614 63 
3.86679 63
3.86679 63 
3.86703 63
3.86703 63 
3.86741 63
3.86741 63 
3.8681 63
3.8681 63 
3.86851 63
3.86851 63 
3.86854 63
3.86854 63 
3.86876 63
3.86876 63 
3.86889 63
3.86889 63 
3.86909 63
3.86909 63 
3.86996 63
3.86996 63 
3.87021 63
3.87021 63 
3.8707 63
3.8707 63 
3.87074 63
3.87074 63 
3.871 63
3.871 63 
3.87119 63
3.87119 63 
3.87169 63
3.87169 63 
3.87214 63
3.87214 63 
3.87223 63
3.87223 63 
3.87262 63
3.87262 63 
3.87375 63
3.87375 63 
3.87407 63
3.87407 63 
3.87412 63
3.87412 63 
3.87439 63
3.87439 63 
3.87445 63
3.87445 63 
3.87453 63
3.87453 63 
3.8751 63
3.8751 63 
3.87663 63
3.87663 63 
3.87668 63
3.87668 63 
3.87731 63
3.87731 63 
3.87828 63
3.87828 63 
3.87848 63
3.87848 63 
3.87864 63
3.87864 63 
3.87868 63
3.87868 63 
3.8793 63
3.8793 63 
3.8796 63
3.8796 63 
3.88016 63
3.88016 63 
3.88048 63
3.88048 63 
3.88068 63
3.88068 63 
3.88108 63
3.88108 63 
3.88181 63
3.88181 63 
3.88195 63
3.88195 63 
3.88203 63
3.88203 63 
3.88261 63
3.88261 63 
3.88272 63
3.88272 63 
3.88327 63
3.88327 63 
3.88408 63
3.88408 63 
3.88414 63
3.88414 63 
3.88424 63
3.88424 63 
3.88441 63
3.88441 63 
3.88481 63
3.88481 63 
3.8851 63
3.8851 63 
3.88517 63
3.88517 63 
3.88534 63
3.88534 63 
3.88563 63
3.88563 63 
3.88604 63
3.88604 63 
3.88615 63
3.88615 63 
3.88639 63
3.88639 63 
3.88755 63
3.88755 63 
3.88813 63
3.88813 63 
3.88814 63
3.88814 63 
3.88839 63
3.88839 63 
3.88843 63
3.88843 63 
3.88887 63
3.88887 63 
3.88888 63
3.88888 63 
3.88889 63
3.88889 63 
3.88956 63
3.88956 63 
3.88974 63
3.88974 63 
3.88975 63
3.88975 63 
3.88997 63
3.88997 63 
3.89043 63
3.89043 63 
3.89093 63
3.89093 63 
3.89124 63
3.89124 63 
3.89135 63
3.89135 63 
3.89273 63
3.89273 63 
3.89313 63
3.89313 63 
3.89348 63
3.89348 63 
3.89357 63
3.89357 63 
3.89367 63
3.89367 63 
3.89428 63
3.89428 63 
3.89505 63
3.89505 63 
3.89519 63
3.89519 63 
3.89525 63
3.89525 63 
3.89563 63
3.89563 63 
3.89569 63
3.89569 63 
3.89579 63
3.89579 63 
3.89722 63
3.89722 63 
3.89733 63
3.89733 63 
3.8978 63
3.8978 63 
3.89798 63
3.89798 63 
3.89822 63
3.89822 63 
3.89823 63
3.89823 63 
3.89838 63
3.89838 63 
3.89953 63
3.89953 63 
3.8996 63
3.8996 63 
3.90079 63
3.90079 63 
3.90092 63
3.90092 63 
3.90143 63
3.90143 63 
3.90146 63
3.90146 63 
3.90165 63
3.90165 63 
3.90183 63
3.90183 63 
3.90238 63
3.90238 63 
3.9024 63
3.9024 63 
3.90252 63
3.90252 63 
3.90275 63
3.90275 63 
3.90294 63
3.90294 63 
3.90324 63
3.90324 63 
3.90339 63
3.90339 63 
3.90375 63
3.90375 63 
3.90408 63
3.90408 63 
3.90431 63
3.90431 63 
3.90442 63
3.90442 63 
3.90494 63
3.90494 63 
3.90527 63
3.90527 63 
3.90538 63
3.90538 63 
3.90549 63
3.90549 63 
3.90557 63
3.90557 63 
3.9063 63
3.9063 63 
3.90635 63
3.90635 63 
3.90717 63
3.90717 63 
3.90789 63
3.90789 63 
3.90829 63
3.90829 63 
3.90875 63
3.90875 63 
3.90886 63
3.90886 63 
3.90946 63
3.90946 63 
3.91 63
3.91 63 
3.91003 63
3.91003 63 
3.91018 63
3.91018 63 
3.91021 63
3.91021 63 
3.91028 63
3.91028 63 
3.91074 63
3.91074 63 
3.91079 63
3.91079 63 
3.91103 63
3.91103 63 
3.91134 63
3.91134 63 
3.91145 63
3.91145 63 
3.91158 63
3.91158 63 
3.91196 63
3.91196 63 
3.91197 63
3.91197 63 
3.91215 63
3.91215 63 
3.91227 63
3.91227 63 
3.9124 63
3.9124 63 
3.91263 63
3.91263 63 
3.9129 63
3.9129 63 
3.91302 63
3.91302 63 
3.91308 63
3.91308 63 
3.91323 63
3.91323 63 
3.91333 63
3.91333 63 
3.91417 63
3.91417 63 
3.91527 63
3.91527 63 
3.91528 63
3.91528 63 
3.91553 63
3.91553 63 
3.91558 63
3.91558 63 
3.9157 63
3.9157 63 
3.91591 63
3.91591 63 
3.91613 63
3.91613 63 
3.91627 63
3.91627 63 
3.91643 63
3.91643 63 
3.9165 63
3.9165 63 
3.91655 63
3.91655 63 
3.91663 63
3.91663 63 
3.91756 63
3.91756 63 
3.91771 63
3.91771 63 
3.91774 63
3.91774 63 
3.91805 63
3.91805 63 
3.91807 63
3.91807 63 
3.91826 63
3.91826 63 
3.91845 63
3.91845 63 
3.91884 63
3.91884 63 
3.91916 63
3.91916 63 
3.9194 63
3.9194 63 
3.91951 63
3.91951 63 
3.92002 63
3.92002 63 
3.92032 63
3.92032 63 
3.92109 63
3.92109 63 
3.92148 63
3.92148 63 
3.92193 63
3.92193 63 
3.92205 63
3.92205 63 
3.92234 63
3.92234 63 
3.92258 63
3.92258 63 
3.92272 63
3.92272 63 
3.92309 63
3.92309 63 
3.92427 63
3.92427 63 
3.92431 63
3.92431 63 
3.9246 63
3.9246 63 
3.9252 63
3.9252 63 
3.92541 63
3.92541 63 
3.92557 63
3.92557 63 
3.9256 63
3.9256 63 
3.92613 63
3.92613 63 
3.92627 63
3.92627 63 
3.92645 63
3.92645 63 
3.92684 63
3.92684 63 
3.92685 63
3.92685 63 
3.9269 63
3.9269 63 
3.92708 63
3.92708 63 
3.92838 63
3.92838 63 
3.92841 63
3.92841 63 
3.92887 63
3.92887 63 
3.92926 63
3.92926 63 
3.92932 63
3.92932 63 
3.93087 63
3.93087 63 
3.93096 63
3.93096 63 
3.93102 63
3.93102 63 
3.93167 63
3.93167 63 
3.9319 63
3.9319 63 
3.93283 63
3.93283 63 
3.933 63
3.933 63 
3.93323 63
3.93323 63 
3.93379 63
3.93379 63 
3.93401 63
3.93401 63 
3.93404 63
3.93404 63 
3.93419 63
3.93419 63 
3.93439 63
3.93439 63 
3.93443 63
3.93443 63 
3.93446 63
3.93446 63 
3.93571 63
3.93571 63 
3.93628 63
3.93628 63 
3.93642 63
3.93642 63 
3.93663 63
3.93663 63 
3.93666 63
3.93666 63 
3.93696 63
3.93696 63 
3.93746 63
3.93746 63 
3.93779 63
3.93779 63 
3.93794 63
3.93794 63 
3.93809 63
3.93809 63 
3.93816 63
3.93816 63 
3.93824 63
3.93824 63 
3.93825 63
3.93825 63 
3.93851 63
3.93851 63 
3.93858 63
3.93858 63 
3.93896 63
3.93896 63 
3.93915 63
3.93915 63 
3.93917 63
3.93917 63 
3.93922 63
3.93922 63 
3.93953 63
3.93953 63 
3.93959 63
3.93959 63 
3.93989 63
3.93989 63 
3.94011 63
3.94011 63 
3.94026 63
3.94026 63 
3.94091 63
3.94091 63 
3.94114 63
3.94114 63 
3.9413 63
3.9413 63 
3.94149 63
3.94149 63 
3.94168 63
3.94168 63 
3.94192 63
3.94192 63 
3.94229 63
3.94229 63 
3.94342 63
3.94342 63 
3.94372 63
3.94372 63 
3.94397 63
3.94397 63 
3.94497 63
3.94497 63 
3.94528 63
3.94528 63 
3.9455 63
3.9455 63 
3.9459 63
3.9459 63 
3.94593 63
3.94593 63 
3.94607 63
3.94607 63 
3.94757 63
3.94757 63 
3.94778 63
3.94778 63 
3.9482 63
3.9482 63 
3.94834 63
3.94834 63 
3.94843 63
3.94843 63 
3.94861 63
3.94861 63 
3.94923 63
3.94923 63 
3.94923 63
3.94923 63 
3.94934 63
3.94934 63 
3.94956 63
3.94956 63 
3.9498 63
3.9498 63 
3.95002 63
3.95002 63 
3.95059 63
3.95059 63 
3.9506 63
3.9506 63 
3.95083 63
3.95083 63 
3.95117 63
3.95117 63 
3.95134 63
3.95134 63 
3.95155 63
3.95155 63 
3.95166 63
3.95166 63 
3.95218 63
3.95218 63 
3.9524 63
3.9524 63 
3.95268 63
3.95268 63 
3.95327 63
3.95327 63 
3.95336 63
3.95336 63 
3.95383 63
3.95383 63 
3.95401 63
3.95401 63 
3.95467 63
3.95467 63 
3.95583 63
3.95583 63 
3.95594 63
3.95594 63 
3.9567 63
3.9567 63 
3.95849 63
3.95849 63 
3.95851 63
3.95851 63 
3.95851 63
3.95851 63 
3.95882 63
3.95882 63 
3.95946 63
3.95946 64 
3.95948 64
3.95948 64 
3.95957 64
3.95957 64 
3.96071 64
3.96071 64 
3.96078 64
3.96078 64 
3.96081 64
3.96081 64 
3.96095 64
3.96095 64 
3.96103 64
3.96103 64 
3.96143 64
3.96143 64 
3.96188 64
3.96188 64 
3.96199 64
3.96199 64 
3.96233 64
3.96233 64 
3.96242 64
3.96242 64 
3.96313 64
3.96313 64 
3.96316 64
3.96316 64 
3.96319 64
3.96319 64 
3.96336 64
3.96336 64 
3.96337 64
3.96337 64 
3.96351 64
3.96351 64 
3.96355 64
3.96355 64 
3.9638 64
3.9638 64 
3.96443 64
3.96443 64 
3.96454 64
3.96454 64 
3.96467 64
3.96467 64 
3.96481 64
3.96481 64 
3.9649 64
3.9649 64 
3.9658 64
3.9658 64 
3.96594 64
3.96594 65 
3.96619 65
3.96619 65 
3.96629 65
3.96629 65 
3.96658 65
3.96658 65 
3.96663 65
3.96663 65 
3.9669 65
3.9669 65 
3.96691 65
3.96691 65 
3.96699 65
3.96699 65 
3.96714 65
3.96714 65 
3.96737 65
3.96737 65 
3.9678 65
3.9678 65 
3.96806 65
3.96806 65 
3.96826 65
3.96826 65 
3.96833 65
3.96833 65 
3.96846 65
3.96846 65 
3.96923 65
3.96923 65 
3.97002 65
3.97002 65 
3.9707 65
3.9707 65 
3.97126 65
3.97126 65 
3.97146 65
3.97146 65 
3.9715 65
3.9715 65 
3.97161 65
3.97161 65 
3.97175 65
3.97175 65 
3.97205 65
3.97205 65 
3.97297 65
3.97297 65 
3.97351 65
3.97351 65 
3.97407 65
3.97407 65 
3.9741 65
3.9741 65 
3.97462 65
3.97462 65 
3.97505 65
3.97505 65 
3.97577 65
3.97577 65 
3.97603 65
3.97603 65 
3.9762 65
3.9762 65 
3.97622 65
3.97622 65 
3.97631 65
3.97631 65 
3.97647 65
3.97647 65 
3.97656 65
3.97656 65 
3.97658 65
3.97658 65 
3.97688 65
3.97688 65 
3.97825 65
3.97825 65 
3.9786 65
3.9786 65 
3.97862 65
3.97862 65 
3.97878 65
3.97878 65 
3.97881 65
3.97881 65 
3.97943 65
3.97943 65 
3.97948 65
3.97948 65 
3.9799 65
3.9799 65 
3.9802 65
3.9802 65 
3.98027 65
3.98027 65 
3.98125 65
3.98125 65 
3.98245 65
3.98245 65 
3.98258 65
3.98258 65 
3.98272 65
3.98272 65 
3.98293 65
3.98293 65 
3.98353 65
3.98353 65 
3.98378 65
3.98378 65 
3.98408 65
3.98408 65 
3.98429 65
3.98429 65 
3.98429 65
3.98429 65 
3.98484 65
3.98484 65 
3.98518 65
3.98518 65 
3.98529 65
3.98529 65 
3.98537 65
3.98537 65 
3.98571 65
3.98571 65 
3.98614 65
3.98614 65 
3.98665 65
3.98665 65 
3.98828 65
3.98828 65 
3.98882 65
3.98882 65 
3.9894 65
3.9894 65 
3.98978 65
3.98978 65 
3.99013 65
3.99013 65 
3.99096 65
3.99096 65 
3.99131 65
3.99131 65 
3.99192 65
3.99192 65 
3.99268 65
3.99268 65 
3.99332 65
3.99332 65 
3.99401 65
3.99401 65 
3.99442 65
3.99442 65 
3.99499 65
3.99499 65 
3.99562 65
3.99562 65 
3.99565 65
3.99565 65 
3.99594 65
3.99594 65 
3.997 65
3.997 65 
3.99716 65
3.99716 65 
3.99793 65
3.99793 65 
3.99895 65
3.99895 65 
3.99902 65
3.99902 65 
3.99955 65
3.99955 65 
3.99987 65
3.99987 65 
4.00005 65
4.00005 65 
4.0009 65
4.0009 65 
4.00216 65
4.00216 65 
4.004 65
4.004 65 
4.00456 65
4.00456 65 
4.00472 65
4.00472 65 
4.00551 65
4.00551 65 
4.00673 65
4.00673 65 
4.00688 65
4.00688 65 
4.00781 65
4.00781 65 
4.0081 65
4.0081 65 
4.00832 65
4.00832 65 
4.00894 65
4.00894 65 
4.00905 65
4.00905 65 
4.00975 65
4.00975 65 
4.01011 65
4.01011 65 
4.01066 65
4.01066 65 
4.0114 65
4.0114 65 
4.01143 65
4.01143 65 
4.01157 65
4.01157 65 
4.01213 65
4.01213 65 
4.01236 65
4.01236 65 
4.01267 65
4.01267 65 
4.01339 65
4.01339 65 
4.01414 65
4.01414 65 
4.01448 65
4.01448 65 
4.01532 65
4.01532 65 
4.01556 65
4.01556 65 
4.01637 65
4.01637 65 
4.01673 65
4.01673 65 
4.0168 65
4.0168 65 
4.01829 65
4.01829 65 
4.01852 65
4.01852 65 
4.01889 65
4.01889 65 
4.02032 65
4.02032 65 
4.02034 65
4.02034 65 
4.0207 65
4.0207 65 
4.02102 65
4.02102 65 
4.02116 65
4.02116 65 
4.0214 65
4.0214 65 
4.02163 65
4.02163 65 
4.02229 65
4.02229 65 
4.02429 65
4.02429 65 
4.02479 65
4.02479 65 
4.02481 65
4.02481 65 
4.02824 65
4.02824 65 
4.02998 65
4.02998 65 
4.03037 65
4.03037 65 
4.03085 65
4.03085 65 
4.03394 65
4.03394 65 
4.03488 65
4.03488 65 
4.0366 65
4.0366 65 
4.03685 65
4.03685 65 
4.03853 65
4.03853 65 
4.03916 65
4.03916 65 
4.03988 65
4.03988 65 
4.04005 65
4.04005 65 
4.0407 65
4.0407 65 
4.04462 65
4.04462 65 
4.04466 65
4.04466 65 
4.04539 65
4.04539 65 
4.04863 65
4.04863 65 
4.0499 65
4.0499 65 
4.05081 65
4.05081 65 
4.05259 65
4.05259 65 
4.05584 65
4.05584 65 
4.05588 65
4.05588 65 
4.05613 65
4.05613 65 
4.05722 65
4.05722 65 
4.0602 65
4.0602 65 
4.06079 65
4.06079 65 
4.06195 65
4.06195 65 
4.06234 65
4.06234 65 
4.06237 65
4.06237 65 
4.06588 65
4.06588 65 
4.06636 65
4.06636 65 
4.06704 65
4.06704 65 
4.07033 65
4.07033 65 
4.0708 65
4.0708 65 
4.07116 65
4.07116 65 
4.07117 65
4.07117 65 
4.07184 65
4.07184 65 
4.07296 65
4.07296 65 
4.07463 65
4.07463 65 
4.07637 65
4.07637 65 
4.07657 65
4.07657 65 
4.07677 65
4.07677 65 
4.07754 65
4.07754 65 
4.07766 65
4.07766 65 
4.07809 65
4.07809 65 
4.07924 65
4.07924 65 
4.0807 65
4.0807 65 
4.08074 65
4.08074 65 
4.0812 65
4.0812 65 
4.08177 65
4.08177 65 
4.08201 65
4.08201 65 
4.08215 65
4.08215 65 
4.0827 65
4.0827 65 
4.08281 65
4.08281 65 
4.08685 65
4.08685 65 
4.08943 65
4.08943 65 
4.08961 65
4.08961 65 
4.0898 65
4.0898 65 
4.09158 65
4.09158 65 
4.09177 65
4.09177 65 
4.09305 65
4.09305 65 
4.0969 65
4.0969 65 
4.097 65
4.097 65 
4.09812 65
4.09812 65 
4.10044 65
4.10044 65 
4.10074 65
4.10074 65 
4.10502 65
4.10502 65 
4.10578 65
4.10578 65 
4.10906 65
4.10906 65 
4.11262 65
4.11262 65 
4.11324 65
4.11324 65 
4.11562 65
4.11562 65 
4.11857 65
4.11857 65 
4.11964 65
4.11964 65 
4.12175 65
4.12175 65 
4.12228 65
4.12228 65 
4.12235 65
4.12235 65 
4.12413 65
4.12413 65 
4.13135 65
4.13135 65 
4.13459 65
4.13459 65 
4.13557 65
4.13557 65 
4.13999 65
4.13999 65 
4.14319 65
4.14319 65 
4.14591 65
4.14591 65 
4.1508 65
4.1508 65 
4.1524 65
4.1524 65 
4.1538 65
4.1538 65 
4.15501 65
4.15501 65 
4.16313 65
4.16313 65 
4.2264 65
4.2264 65 
4.25098 65
4.25098 65 
4.28049 65
4.28049 65 
4.30182 65
4.30182 65 
4.33937 65
4.33937 65 
4.36959 65
4.36959 65 
4.39688 65
4.39688 65 
4.43345 65
4.43345 65 
4.44116 65
4.44116 65 
4.55465 65
4.55465 65 
4.56202 65
4.56202 65 
4.57012 65
4.57012 65 
4.59792 65
4.59792 65 
4.67152 65
4.67152 65 
4.67753 65
4.67753 65 
4.68002 65
4.68002 65 
4.68019 65
4.68019 65 
4.68899 65
4.68899 65 
4.77086 65
4.77086 65 
4.84476 65
4.84476 65 
5.08384 65
5.08384 65 
5.12841 65
5.12841 65 
5.35415 65
5.35415 65 
5.46749 65
5.46749 65 
5.49545 65
5.49545 65 
5.71311 65
5.71311 65 
5.79893 65
5.79893 65 
